1 25
2 26
3 30
4 29
5 26
6 21
7 17
8 17
9 18
10 19
11 21
12 19
13 19
14 19
15 16
16 17
17 14
18 15
19 20
20 20
21 21
22 22
23 16
24 22
25 25
26 24
27 26
28 21
29 19
30 20
31 18
32 23
33 29
34 29
35 34
36 32
37 27
38 28
39 23
40 28
41 30
42 29
43 31
44 25
45 24
46 23
47 25
48 21
49 19
50 16
51 14
52 21
53 20
54 22
55 24
56 17
57 20
58 23
59 21
60 22
61 25
62 22
63 21
64 22
65 17
66 14
67 13
68 11
69 12
70 21
71 23
72 25
73 23
74 17
75 22
76 18
77 16
78 21
79 14
80 18
81 18
82 11
83 15
84 14
85 15
86 15
87 11
88 13
89 13
90 12
91 17
92 17
93 16
94 25
95 18
96 15
97 16
98 9
99 13
100 15
101 17
102 18
103 16
104 15
105 16
106 13
107 17
108 16
109 15
110 19
111 15
112 16
113 17
114 15
115 14
116 15
117 18
118 19
119 22
120 19
121 19
122 22
123 27
124 32
125 27
126 23
127 17
128 14
129 15
130 15
131 12
132 11
133 8
134 5
135 4
136 3
137 2
138 5
139 6
140 6
141 7
142 6
143 6
144 8
145 10
146 17
147 18
148 16
149 15
150 10
151 11
152 11
153 10
154 7
155 5
156 6
157 6
158 5
159 5
160 4
161 4
162 4
163 3
164 5
165 5
166 6
167 8
168 8
169 8
170 7
171 6
172 5
173 5
174 8
175 12
176 12
177 14
178 10
179 5
180 4
181 2
182 4
183 7
184 8
185 12
186 11
187 14
188 14
189 10
190 14
191 11
192 10
193 19
194 16
195 20
196 22
197 13
198 16
199 9
200 11
201 12
202 9
203 10
204 5
205 5
206 9
207 10
208 10
209 9
210 5
211 4
212 6
213 6
214 7
215 8
216 9
217 8
218 6
219 4
220 4
221 6
222 9
223 13
224 12
225 12
226 14
227 12
228 12
229 11
230 9
231 10
232 10
233 12
234 12
235 15
236 17
237 15
238 19
239 17
240 15
241 19
242 15
243 17
244 16
245 13
246 11
247 5
248 6
249 19
250 19
251 20
252 21
253 9
254 8
255 8
256 7
257 13
258 18
259 19
260 22
261 18
262 15
263 15
264 14
265 18
266 19
267 17
268 18
269 14
270 14
271 21
272 20
273 20
274 19
275 14
276 12
277 13
278 12
279 15
280 20
281 17
282 15
283 14
284 12
285 18
286 22
287 24
288 23
289 15
290 12
291 6
292 8
293 13
294 18
295 22
296 19
297 24
298 21
299 22
300 21
301 12
302 14
303 12
304 12
305 24
306 19
307 18
308 20
309 11
310 12
311 12
312 11
313 12
314 15
315 16
316 14
317 14
318 12
319 13
320 13
321 8
322 7
323 5
324 6
325 5
326 5
327 4
328 3
329 3
330 3
331 4
332 3
333 7
334 6
335 6
336 9
337 5
338 5
339 7
340 6
341 7
342 9
343 5
344 7
345 8
346 6
347 14
348 13
349 13
350 13
351 6
352 4
353 4
354 5
355 6
356 5
357 10
358 12
359 10
360 13
361 7
362 8
363 11
364 8
365 12
366 13
367 12
368 13
369 11
370 9
371 10
372 10
373 11
374 9
375 8
376 8
377 6
378 5
379 9
380 16
381 17
382 19
383 17
384 13
385 11
386 10
387 10
388 11
389 15
390 16
391 16
392 12
393 11
394 12
395 11
396 14
397 15
398 18
399 17
400 13
401 11
402 8
403 12
404 17
405 15
406 17
407 12
408 8
409 14
410 13
411 14
412 16
413 9
414 5
415 3
416 1
417 16
418 17
419 17
420 18
421 4
422 4
423 4
424 2
425 2
426 2
427 2
428 8
429 10
430 10
431 11
432 7
433 13
434 14
435 13
436 14
437 7
438 8
439 13
440 12
441 11
442 11
443 8
444 11
445 13
446 14
447 14
448 11
449 12
450 8
451 7
452 8
453 6
454 8
455 11
456 10
457 11
458 12
459 13
460 23
461 21
462 21
463 22
464 11
465 14
466 12
467 10
468 15
469 15
470 22
471 24
472 25
473 23
474 20
475 20
476 19
477 22
478 20
479 20
480 19
481 18
482 18
483 15
484 12
485 9
486 11
487 11
488 13
489 15
490 15
491 15
492 17
493 18
494 17
495 20
496 17
497 18
498 20
499 18
500 21
501 19
502 17
503 14
504 10
505 13
506 11
507 13
508 13
509 10
510 12
511 11
512 11
513 11
514 12
515 10
516 9
517 6
518 3
519 6
520 7
521 14
522 15
523 12
524 14
525 9
526 7
527 7
528 6
529 8
530 9
531 9
532 12
533 8
534 7
535 11
536 5
537 8
538 8
539 4
540 10
541 13
542 13
543 18
544 14
545 10
546 10
547 6
548 5
549 3
550 2
551 7
552 7
553 8
554 11
555 6
556 7
557 6
558 3
559 10
560 11
561 12
562 12
563 11
564 12
565 13
566 16
567 15
568 11
569 13
570 12
571 10
572 15
573 11
574 14
575 15
576 11
577 12
578 11
579 9
580 11
581 13
582 14
583 11
584 8
585 9
586 10
587 11
588 15
589 14
590 16
591 18
592 14
593 19
594 16
595 15
596 28
597 23
598 22
599 22
600 14
601 13
602 12
603 11
604 13
605 13
606 13
607 20
608 27
609 26
610 25
611 18
612 25
613 28
614 27
615 26
616 11
617 10
618 11
619 11
620 20
621 23
622 23
623 23
624 15
625 10
626 8
627 8
628 16
629 20
630 21
631 27
632 19
633 16
634 19
635 16
636 13
637 21
638 22
639 19
640 25
641 20
642 19
643 19
644 14
645 17
646 16
647 25
648 25
649 22
650 24
651 18
652 21
653 20
654 18
655 30
656 28
657 33
658 33
659 22
660 23
661 19
662 18
663 20
664 17
665 23
666 25
667 19
668 18
669 15
670 16
671 21
672 26
673 21
674 19
675 16
676 17
677 19
678 19
679 19
680 14
681 17
682 18
683 23
684 23
685 23
686 22
687 17
688 16
689 12
690 13
691 11
692 10
693 11
694 10
695 10
696 20
697 22
698 25
699 25
700 17
701 15
702 10
703 10
704 12
705 10
706 14
707 14
708 13
709 12
710 10
711 13
712 11
713 15
714 15
715 12
716 14
717 12
718 13
719 21
720 16
721 13
722 9
723 3
724 4
725 6
726 13
727 11
728 10
729 11
730 13
731 15
732 16
733 12
734 3
735 6
736 5
737 10
738 13
739 11
740 11
741 9
742 7
743 8
744 11
745 13
746 13
747 13
748 11
749 6
750 11
751 13
752 15
753 16
754 13
755 11
756 12
757 14
758 14
759 15
760 14
761 11
762 8
763 5
764 14
765 17
766 22
767 25
768 16
769 14
770 23
771 23
772 25
773 28
774 19
775 17
776 14
777 17
778 14
779 15
780 14
781 12
782 17
783 16
784 20
785 22
786 18
787 22
788 18
789 14
790 24
791 19
792 21
793 19
794 10
795 9
796 9
797 12
798 11
799 14
800 23
801 21
802 20
803 17
804 6
805 7
806 8
807 15
808 22
809 23
810 22
811 16
812 11
813 13
814 15
815 15
816 25
817 20
818 18
819 20
820 10
821 16
822 17
823 16
824 15
825 8
826 9
827 11
828 13
829 17
830 14
831 12
832 8
833 6
834 8
835 8
836 13
837 11
838 8
839 7
840 3
841 3
842 3
843 4
844 8
845 14
846 16
847 15
848 11
849 6
850 4
851 2
852 9
853 8
854 9
855 13
856 6
857 6
858 6
859 8
860 8
861 9
862 12
863 9
864 8
865 7
866 4
867 5
868 6
869 7
870 9
871 9
872 9
873 8
874 5
875 4
876 6
877 8
878 11
879 9
880 12
881 10
882 7
883 9
884 6
885 7
886 11
887 10
888 13
889 12
890 8
891 8
892 9
893 11
894 18
895 19
896 16
897 15
898 14
899 13
900 16
901 18
902 19
903 23
904 19
905 19
906 17
907 14
908 14
909 16
910 13
911 19
912 17
913 13
914 14
915 9
916 8
917 9
918 11
919 10
920 10
921 9
922 5
923 4
924 7
925 8
926 10
927 12
928 15
929 15
930 16
931 14
932 9
933 8
934 7
935 23
936 23
937 25
938 23
939 9
940 11
941 13
942 15
943 14
944 11
945 9
946 10
947 10
948 11
949 9
950 11
951 12
952 11
953 13
954 12
955 14
956 15
957 12
958 10
959 5
960 7
961 7
962 6
963 6
964 12
965 15
966 42
967 42
968 34
969 31
970 2
971 4
972 6
973 8
974 13
975 14
976 12
977 11
978 6
979 5
980 5
981 6
982 9
983 8
984 11
985 10
986 8
987 8
988 8
989 10
990 12
991 14
992 16
993 15
994 15
995 17
996 18
997 18
998 18
999 21
1000 20
1001 20
1002 21
1003 34
1004 33
1005 44
1006 44
1007 28
1008 35
1009 25
1010 24
1011 26
1012 17
1013 26
1014 27
1015 35
1016 37
1017 32
1018 37
1019 28
1020 34
1021 31
1022 33
1023 34
1024 28
1025 33
1026 26
1027 21
1028 18
1029 13
1030 18
1031 22
1032 31
1033 33
1034 29
1035 26
1036 17
1037 15
1038 16
1039 30
1040 34
1041 36
1042 41
1043 29
1044 25
1045 27
1046 22
1047 19
1048 22
1049 20
1050 20
1051 20
1052 20
1053 22
1054 19
1055 28
1056 26
1057 20
1058 19
1059 7
1060 6
1061 7
1062 10
1063 11
1064 14
1065 13
1066 9
1067 15
1068 14
1069 13
1070 48
1071 59
1072 60
1073 63
1074 28
1075 11
1076 13
1077 15
1078 21
1079 31
1080 30
1081 24
1082 24
1083 16
1084 14
1085 16
1086 12
1087 14
1088 15
1089 15
1090 20
1091 20
1092 19
1093 19
1094 18
1095 25
1096 23
1097 27
1098 23
1099 13
1100 17
1101 16
1102 15
1103 17
1104 13
1105 11
1106 12
1107 8
1108 19
1109 20
1110 20
1111 21
1112 9
1113 6
1114 5
1115 4
1116 10
1117 16
1118 17
1119 19
1120 16
1121 13
1122 12
1123 11
1124 22
1125 23
1126 22
1127 24
1128 13
1129 10
1130 9
1131 8
1132 9
1133 13
1134 16
1135 23
1136 19
1137 16
1138 23
1139 14
1140 17
1141 16
1142 9
1143 13
1144 12
1145 12
1146 18
1147 16
1148 21
1149 21
1150 15
1151 19
1152 13
1153 17
1154 19
1155 17
1156 17
1157 12
1158 11
1159 9
1160 10
1161 10
1162 7
1163 12
1164 10
1165 12
1166 14
1167 7
1168 8
1169 6
1170 5
1171 9
1172 9
1173 13
1174 15
1175 11
1176 13
1177 10
1178 6
1179 7
1180 4
1181 7
1182 9
1183 9
1184 9
1185 5
1186 9
1187 8
1188 13
1189 17
1190 12
1191 15
1192 11
1193 6
1194 6
1195 3
1196 4
1197 8
1198 11
1199 13
1200 12
1201 11
1202 7
1203 6
1204 8
1205 8
1206 17
1207 17
1208 15
1209 14
1210 5
1211 4
1212 3
1213 3
1214 6
1215 7
1216 11
1217 9
1218 8
1219 7
1220 4
1221 8
1222 8
1223 9
1224 10
1225 16
1226 27
1227 26
1228 23
1229 16
1230 8
1231 8
1232 8
1233 12
1234 9
1235 9
1236 10
1237 8
1238 11
1239 12
1240 14
1241 13
1242 16
1243 17
1244 15
1245 13
1246 19
1247 20
1248 19
1249 17
1250 3
1251 1
1252 3
1253 3
1254 8
1255 8
1256 9
1257 9
1258 4
1259 6
1260 6
1261 6
1262 10
1263 10
1264 8
1265 9
1266 5
1267 5
1268 11
1269 13
1270 18
1271 18
1272 16
1273 14
1274 9
1275 8
1276 7
1277 14
1278 19
1279 20
1280 21
1281 16
1282 13
1283 14
1284 12
1285 16
1286 17
1287 15
1288 13
1289 11
1290 12
1291 10
1292 11
1293 13
1294 12
1295 14
1296 13
1297 11
1298 11
1299 9
1300 9
1301 12
1302 19
1303 20
1304 22
1305 16
1306 9
1307 8
1308 5
1309 3
1310 2
1311 3
1312 8
1313 11
1314 14
1315 13
1316 8
1317 10
1318 10
1319 13
1320 15
1321 14
1322 10
1323 7
1324 8
1325 7
1326 13
1327 15
1328 14
1329 13
1330 7
1331 6
1332 5
1333 6
1334 9
1335 8
1336 12
1337 10
1338 6
1339 7
1340 2
1341 7
1342 10
1343 9
1344 12
1345 6
1346 4
1347 7
1348 5
1349 8
1350 17
1351 15
1352 17
1353 14
1354 11
1355 14
1356 14
1357 14
1358 15
1359 14
1360 16
1361 19
1362 13
1363 12
1364 12
1365 10
1366 40
1367 42
1368 41
1369 46
1370 17
1371 14
1372 13
1373 8
1374 9
1375 11
1376 13
1377 15
1378 13
1379 11
1380 10
1381 7
1382 6
1383 8
1384 4
1385 7
1386 8
1387 8
1388 11
1389 11
1390 11
1391 12
1392 10
1393 8
1394 12
1395 13
1396 15
1397 16
1398 13
1399 11
1400 10
1401 13
1402 15
1403 13
1404 14
1405 10
1406 10
1407 10
1408 10
1409 12
1410 9
1411 9
1412 9
1413 7
1414 7
1415 7
1416 4
1417 3
1418 2
1419 2
1420 3
1421 6
1422 7
1423 7
1424 6
1425 4
1426 3
1427 5
1428 5
1429 4
1430 7
1431 5
1432 6
1433 8
1434 6
1435 8
1436 9
1437 8
1438 9
1439 6
1440 4
1441 4
1442 6
1443 7
1444 11
1445 10
1446 9
1447 9
1448 7
1449 8
1450 13
1451 12
1452 12
1453 12
1454 7
1455 11
1456 9
1457 8
1458 6
1459 4
1460 7
1461 7
1462 8
1463 10
1464 10
1465 11
1466 11
1467 8
1468 7
1469 6
1470 3
1471 4
1472 6
1473 6
1474 10
1475 10
1476 9
1477 11
1478 16
1479 14
1480 15
1481 13
1482 5
1483 6
1484 8
1485 9
1486 11
1487 12
1488 10
1489 9
1490 8
1491 8
1492 11
1493 14
1494 14
1495 18
1496 14
1497 12
1498 10
1499 4
1500 3
1501 6
1502 7
1503 8
1504 8
1505 9
1506 16
1507 15
1508 13
1509 13
1510 8
1511 8
1512 13
1513 8
1514 5
1515 5
1516 1
1517 4
1518 4
1519 5
1520 9
1521 6
1522 6
1523 5
1524 0
1525 4
1526 6
1527 7
1528 11
1529 7
1530 7
1531 8
1532 5
1533 7
1534 6
1535 8
1536 7
1537 6
1538 7
1539 3
1540 5
1541 7
1542 7
1543 9
1544 9
1545 6
1546 4
1547 2
1548 4
1549 8
1550 11
1551 17
1552 19
1553 19
1554 16
1555 11
1556 7
1557 6
1558 7
1559 8
1560 9
1561 7
1562 6
1563 6
1564 5
1565 6
1566 7
1567 6
1568 10
1569 9
1570 8
1571 10
1572 7
1573 8
1574 10
1575 8
1576 7
1577 7
1578 6
1579 7
1580 12
1581 12
1582 21
1583 20
1584 15
1585 15
1586 6
1587 6
1588 11
1589 12
1590 17
1591 17
1592 15
1593 12
1594 7
1595 7
1596 5
1597 11
1598 15
1599 17
1600 18
1601 14
1602 10
1603 10
1604 15
1605 17
1606 23
1607 21
1608 17
1609 17
1610 15
1611 19
1612 15
1613 17
1614 17
1615 13
1616 13
1617 12
1618 11
1619 12
