1 25
2 26
3 18
4 19
5 14
6 21
7 25
8 19
9 29
10 27
11 30
12 24
13 19
14 20
15 20
16 25
17 17
18 12
19 23
20 16
21 18
22 15
23 13
24 16
25 16
26 17
27 16
28 15
29 17
30 18
31 19
32 27
33 15
34 8
35 2
36 7
37 10
38 15
39 10
40 6
41 4
42 5
43 8
44 5
45 14
46 2
47 12
48 10
49 19
50 13
51 12
52 5
53 9
54 6
55 8
56 6
57 12
58 11
59 12
60 15
61 19
62 13
63 19
64 9
65 13
66 18
67 18
68 14
69 20
70 13
71 17
72 18
73 15
74 13
75 24
76 12
77 24
78 11
79 12
80 14
81 8
82 5
83 3
84 7
85 5
86 7
87 8
88 13
89 4
90 10
91 7
92 12
93 11
94 11
95 6
96 17
97 11
98 15
99 11
100 15
101 11
102 15
103 14
104 9
105 16
106 4
107 2
108 10
109 13
110 7
111 11
112 13
113 12
114 6
115 11
116 21
117 14
118 15
119 23
120 22
121 18
122 9
123 15
124 18
125 18
126 19
127 13
128 10
129 11
130 6
131 14
132 9
133 8
134 8
135 8
136 13
137 10
138 3
139 8
140 6
141 12
142 13
143 13
144 11
145 12
146 13
147 9
148 14
149 19
150 23
151 13
152 13
153 26
154 28
155 10
156 23
157 10
158 20
159 16
160 21
161 20
162 17
163 22
164 20
165 33
166 19
167 23
168 15
169 21
170 19
171 17
172 23
173 12
174 11
175 22
176 15
177 10
178 12
179 15
180 12
181 13
182 6
183 11
184 12
185 10
186 9
187 13
188 6
189 16
190 14
191 11
192 17
193 14
194 28
195 17
196 12
197 22
198 14
199 19
200 12
201 21
202 7
203 23
204 13
205 20
206 16
207 8
208 17
209 6
210 11
211 3
212 14
213 6
214 8
215 6
216 9
217 7
218 7
219 8
220 8
221 10
222 7
223 12
224 11
225 15
226 18
227 19
228 16
229 13
230 9
231 9
232 8
233 15
234 8
235 25
236 13
237 9
238 9
239 13
240 12
241 7
242 15
243 31
244 8
245 11
246 6
247 10
248 10
249 15
250 18
251 20
252 44
253 25
254 26
255 32
256 31
257 33
258 13
259 33
260 15
261 36
262 27
263 20
264 22
265 20
266 7
267 13
268 13
269 63
270 15
271 24
272 16
273 15
274 19
275 27
276 16
277 11
278 20
279 6
280 16
281 13
282 23
283 10
284 13
285 16
286 16
287 12
288 21
289 17
290 12
291 10
292 12
293 6
294 13
295 10
296 7
297 5
298 17
299 6
300 8
301 11
302 8
303 14
304 3
305 9
306 8
307 16
308 16
309 12
310 8
311 13
312 13
313 17
314 3
315 9
316 6
317 9
318 13
319 14
320 14
321 16
322 16
323 11
324 13
325 11
326 12
327 16
328 3
329 11
330 10
331 14
332 7
333 13
334 6
335 10
336 7
337 6
338 8
339 14
340 14
341 19
342 10
343 46
344 8
345 15
346 7
347 7
348 11
349 8
350 16
351 13
352 10
353 12
354 7
355 3
356 6
357 4
358 4
359 8
360 8
361 4
362 10
363 8
364 12
365 8
366 7
367 11
368 6
369 6
370 11
371 13
372 9
373 9
374 14
375 12
376 6
377 9
378 13
379 8
380 4
381 6
382 4
383 7
384 7
385 6
386 7
387 6
388 8
389 19
390 6
391 7
392 6
393 9
394 8
395 7
396 12
397 15
398 12
399 12
400 11
401 14
402 17
403 17
404 17
405 12
406 14
407 18
408 14
409 18
410 17
411 20
412 16
413 17
414 17
415 35
416 17
417 9
418 11
419 6
420 2
421 7
422 8
423 4
424 9
425 9
426 3
427 17
428 9
429 10
430 2
431 6
432 6
433 9
434 9
435 5
436 8
437 12
438 4
439 8
440 9
441 12
442 15
443 14
444 9
445 12
446 8
447 19
448 14
449 9
450 7
451 12
452 14
453 16
454 17
455 14
456 10
457 9
458 12
459 17
460 16
461 10
462 19
463 20
464 7
465 16
466 16
467 15
468 11
469 21
470 24
471 22
472 20
473 12
474 14
475 10
476 12
477 10
478 10
479 12
480 7
481 13
482 9
483 8
484 13
485 11
486 8
487 10
488 10
489 11
490 24
491 15
492 39
493 23
494 14
495 25
496 21
497 14
498 12
499 14
500 12
501 10
502 10
503 18
504 9
505 21
506 7
507 9
508 13
509 14
510 11
511 14
512 8
513 20
514 7
515 14
516 13
517 25
518 20
519 16
520 19
521 17
522 18
523 14
524 13
525 11
526 13
527 12
528 14
529 25
530 9
531 20
532 17
533 21
534 22
535 16
536 16
537 8
538 18
539 27
540 15
541 19
542 12
543 12
544 10
545 16
546 14
547 16
548 14
549 14
550 9
551 20
552 7
553 21
554 10
555 31
556 16
557 15
558 13
559 9
560 9
561 13
562 12
563 18
564 10
565 23
566 12
567 24
568 22
569 20
570 12
571 19
572 15
573 21
574 12
575 15
576 13
577 15
578 4
579 5
580 2
581 4
582 7
583 11
584 5
585 6
586 6
587 14
588 7
589 9
590 3
591 9
592 7
593 5
594 12
595 14
596 5
597 13
598 8
599 7
600 7
601 13
602 12
603 11
604 11
605 14
606 16
607 14
608 9
609 8
610 11
611 9
612 9
613 6
614 2
615 9
616 3
617 5
618 8
619 11
620 7
621 18
622 12
623 14
624 17
625 14
626 9
627 5
628 5
629 8
630 4
631 12
632 8
633 5
634 6
635 14
636 13
637 12
638 4
639 8
640 14
641 10
642 21
643 9
644 16
645 20
646 11
647 16
648 11
649 28
650 15
651 10
652 12
653 8
654 6
655 17
656 9
657 7
658 5
659 13
660 5
661 10
662 1
663 21
664 6
665 12
666 10
667 13
668 8
669 9
670 3
671 4
672 9
673 15
674 8
675 6
676 25
677 11
678 9
679 4
680 4
681 9
682 7
683 7
684 11
685 9
686 11
687 26
688 11
689 15
690 21
691 12
692 18
693 13
694 22
695 15
696 15
697 9
698 17
699 13
700 13
701 9
702 22
703 7
704 36
705 11
706 22
707 14
708 10
709 4
710 17
711 12
712 20
713 18
714 12
715 7
716 11
717 10
718 9
719 24
720 15
721 10
722 8
723 8
724 12
725 10
726 5
727 4
728 6
729 11
730 7
731 14
732 9
733 9
734 9
735 10
736 9
737 12
738 6
739 10
740 13
741 10
742 6
743 7
744 10
745 15
746 11
747 18
748 16
749 11
750 12
751 22
752 17
753 19
754 13
755 15
756 15
757 21
758 12
759 14
760 20
761 17
762 21
763 11
764 8
765 12
766 4
767 22
768 24
769 13
770 10
771 16
772 7
773 12
774 8
775 14
776 10
777 12
778 7
779 10
780 16
781 9
782 20
783 50
784 19
785 16
786 11
787 10
788 8
789 15
790 10
791 12
792 31
793 11
794 6
795 5
796 13
797 16
798 6
799 10
800 14
801 14
802 3
803 4
804 8
805 9
806 5
807 13
808 11
809 11
810 14
811 13
812 7
813 8
814 8
815 11
816 11
817 10
818 10
819 13
820 6
821 17
822 5
823 13
824 7
825 7
826 13
827 13
828 16
829 17
830 18
831 15
832 12
833 17
834 14
835 18
836 22
837 23
838 17
839 32
840 27
841 18
842 16
843 22
844 16
845 11
846 17
847 11
848 13
849 24
850 16
851 14
852 11
853 12
854 16
855 12
856 11
857 10
858 12
859 9
860 13
861 4
862 9
863 6
864 24
865 20
866 25
867 11
868 16
869 15
870 24
871 9
872 7
873 8
874 12
875 11
876 12
877 9
878 15
879 10
880 27
881 10
882 22
883 14
884 5
885 12
886 16
887 14
888 26
889 18
890 8
891 8
892 2
893 6
894 6
895 2
896 11
897 20
898 7
899 15
900 6
901 13
902 12
903 10
904 10
905 6
906 5
907 10
908 7
909 23
910 5
911 12
912 7
913 8
914 9
915 5
916 17
917 21
918 3
919 9
920 6
921 16
922 5
923 9
924 6
925 4
926 7
927 3
928 4
929 6
930 2
931 3
932 0
933 2
934 0
935 4
936 3
937 9
938 8
939 11
940 4
941 22
942 2
943 18
944 6
945 16
946 13
947 19
948 18
949 6
950 6
951 5
952 7
953 6
954 5
955 0
956 6
957 3
958 9
959 6
960 8
961 9
962 3
963 8
964 5
965 6
966 7
967 5
968 4
969 5
970 5
971 9
972 5
973 9
974 6
975 8
976 8
977 10
978 7
979 10
980 9
981 7
982 9
983 10
984 8
985 10
986 12
987 15
988 14
989 8
990 13
991 12
992 25
993 12
994 25
995 13
996 27
997 18
998 11
999 19
1000 9
1001 9
1002 22
1003 20
1004 14
1005 11
1006 12
1007 18
1008 9
1009 2
1010 9
1011 14
1012 14
1013 12
1014 9
1015 12
1016 12
1017 5
1018 4
1019 12
1020 11
1021 13
1022 20
1023 13
1024 14
1025 8
1026 15
1027 14
1028 10
1029 25
1030 4
1031 5
1032 7
1033 13
1034 7
1035 14
1036 7
1037 8
1038 7
1039 10
1040 6
1041 12
1042 8
1043 4
1044 5
1045 4
1046 13
1047 5
1048 5
1049 4
1050 3
1051 0
1052 3
1053 5
1054 5
1055 6
1056 3
1057 9
1058 5
1059 6
1060 2
1061 10
1062 1
1063 9
1064 6
1065 2
1066 3
1067 6
1068 5
1069 5
1070 6
1071 4
1072 9
1073 13
1074 9
1075 6
1076 6
1077 4
1078 3
1079 4
1080 2
1081 14
1082 5
1083 2
1084 5
1085 9
1086 3
1087 9
1088 4
1089 20
1090 8
1091 15
1092 10
1093 6
1094 9
1095 9
1096 1
1097 2
1098 0
1099 3
1100 2
1101 8
1102 5
1103 7
1104 6
1105 3
1106 3
1107 17
1108 3
1109 3
1110 5
1111 4
1112 4
1113 8
1114 4
1115 7
1116 8
1117 10
1118 5
1119 8
1120 2
1121 6
1122 3
1123 11
1124 3
1125 10
1126 1
1127 4
1128 0
1129 1
1130 1
1131 1
1132 0
1133 0
1134 0
1135 3
1136 0
1137 1
1138 2
1139 3
1140 9
1141 7
1142 6
1143 3
1144 3
1145 4
1146 5
1147 4
1148 6
1149 7
1150 8
1151 7
1152 7
1153 11
1154 9
1155 9
1156 5
1157 7
1158 5
1159 2
1160 11
1161 8
1162 9
1163 8
1164 4
1165 6
1166 1
1167 4
1168 1
1169 4
1170 3
1171 5
1172 2
1173 2
1174 3
1175 5
1176 4
1177 4
1178 3
1179 2
1180 3
1181 3
1182 1
1183 5
1184 4
1185 7
1186 2
1187 3
1188 4
1189 1
1190 2
1191 1
1192 3
1193 0
1194 2
1195 8
1196 1
1197 8
1198 2
1199 2
1200 11
1201 8
1202 6
1203 8
1204 8
1205 8
1206 11
1207 5
1208 5
1209 4
1210 3
1211 6
1212 5
1213 3
1214 4
1215 2
1216 5
1217 1
1218 9
1219 5
1220 7
1221 8
1222 6
1223 3
1224 5
1225 13
1226 6
1227 14
1228 13
1229 9
1230 7
1231 7
1232 10
1233 13
1234 8
1235 12
1236 12
1237 13
1238 9
1239 10
1240 6
1241 9
1242 7
1243 8
1244 6
1245 8
1246 7
1247 5
1248 4
1249 7
1250 8
1251 9
1252 11
1253 12
1254 5
1255 14
1256 12
1257 22
1258 6
1259 9
1260 9
1261 15
1262 8
1263 6
1264 5
1265 4
1266 2
1267 6
1268 5
1269 2
1270 6
1271 3
1272 4
1273 4
1274 2
1275 4
1276 1
1277 0
1278 2
1279 0
1280 2
1281 1
1282 0
1283 0
1284 0
1285 3
1286 2
1287 0
1288 0
1289 1
1290 2
1291 2
1292 0
1293 3
1294 2
1295 3
1296 3
1297 3
1298 4
1299 8
1300 3
1301 9
1302 3
1303 6
1304 6
1305 1
1306 2
1307 2
1308 3
1309 4
1310 0
1311 2
1312 5
1313 6
1314 3
1315 3
1316 3
1317 2
1318 4
1319 1
1320 2
1321 5
1322 1
1323 2
1324 6
1325 4
1326 7
1327 9
1328 5
1329 8
1330 7
1331 11
1332 8
1333 13
1334 8
1335 18
1336 10
1337 14
1338 14
1339 22
1340 20
1341 15
1342 25
1343 12
1344 15
1345 16
1346 17
1347 16
1348 27
1349 32
1350 13
1351 13
1352 5
1353 15
1354 11
1355 31
1356 11
1357 24
1358 15
1359 7
1360 5
1361 12
1362 8
1363 13
1364 4
1365 3
1366 1
1367 16
1368 3
1369 14
1370 16
1371 8
1372 6
1373 5
1374 1
1375 1
1376 4
1377 3
1378 4
1379 3
1380 2
1381 3
1382 6
1383 7
1384 13
1385 5
1386 8
1387 0
1388 4
1389 6
1390 1
1391 8
1392 4
1393 5
1394 6
1395 2
1396 1
1397 5
1398 5
1399 5
1400 5
1401 2
1402 0
1403 7
1404 3
1405 5
1406 6
1407 16
1408 4
1409 7
1410 5
1411 12
1412 8
1413 7
1414 5
1415 5
1416 7
1417 10
1418 6
1419 5
1420 3
1421 4
1422 2
1423 2
1424 3
1425 5
1426 0
1427 7
1428 0
1429 3
1430 4
1431 3
1432 1
1433 3
1434 2
1435 3
1436 1
1437 5
1438 2
1439 2
1440 5
1441 3
1442 2
1443 4
1444 3
1445 5
1446 2
1447 4
1448 0
1449 2
1450 1
1451 11
1452 0
1453 3
1454 0
1455 0
1456 4
1457 5
1458 1
1459 7
1460 4
1461 2
1462 8
1463 3
1464 4
1465 0
1466 0
1467 2
1468 2
1469 2
1470 2
1471 5
1472 7
1473 10
1474 8
1475 14
1476 11
1477 17
1478 8
1479 10
1480 5
1481 8
1482 4
1483 6
1484 13
1485 4
1486 5
1487 7
1488 4
1489 9
1490 3
1491 8
1492 3
1493 6
1494 3
1495 1
1496 1
1497 6
1498 2
1499 0
1500 0
1501 2
1502 3
1503 5
1504 11
1505 5
1506 3
1507 2
1508 4
1509 1
1510 1
1511 2
1512 2
1513 2
1514 0
1515 0
1516 3
1517 2
1518 5
1519 1
1520 0
1521 3
1522 2
1523 0
1524 2
1525 2
1526 3
1527 6
1528 1
1529 3
1530 1
1531 1
1532 1
1533 9
1534 2
1535 5
1536 1
1537 3
1538 1
1539 5
1540 0
1541 3
1542 0
1543 1
1544 1
1545 2
1546 0
1547 2
1548 2
1549 5
1550 1
1551 2
1552 1
1553 0
1554 3
1555 1
1556 4
1557 2
1558 3
1559 1
1560 2
1561 2
1562 3
1563 3
1564 3
1565 2
1566 1
1567 1
1568 2
1569 4
1570 1
1571 1
1572 2
1573 1
1574 0
1575 1
1576 1
1577 0
1578 0
1579 0
1580 1
1581 0
1582 0
1583 2
1584 1
1585 0
1586 0
1587 0
1588 0
1589 0
1590 1
1591 0
1592 4
1593 3
1594 2
1595 0
1596 0
1597 0
1598 0
1599 0
1600 0
1601 0
1602 1
1603 1
1604 2
1605 7
1606 14
1607 15
1608 14
1609 12
1610 19
1611 20
1612 16
1613 16
1614 12
1615 12
1616 8
1617 8
1618 4
1619 4
