index	number of relative images
1	8
2	5
3	5
4	7
5	9
6	9
7	4
8	4
9	4
10	5
11	4
12	5
13	5
14	7
15	2
16	5
17	5
18	4
19	3
20	2
21	6
22	9
23	3
24	3
25	7
26	3
27	9
28	6
29	6
30	5
31	4
32	4
33	7
34	3
35	9
36	10
37	7
38	8
39	7
40	5
41	8
42	3
43	12
44	7
45	7
46	5
47	6
48	6
49	6
50	7
51	2
52	4
53	3
54	5
55	9
56	3
57	5
58	7
59	2
60	6
61	8
62	5
63	3
64	9
65	5
66	4
67	4
68	4
69	2
70	3
71	2
72	5
73	11
74	5
75	4
76	3
77	5
78	10
79	0
80	1
81	10
82	3
83	4
84	1
85	3
86	7
87	3
88	2
89	3
90	3
91	5
92	2
93	2
94	8
95	5
96	1
97	11
98	1
99	2
100	2
101	4
102	5
103	4
104	4
105	5
106	3
107	3
108	5
109	2
110	7
111	2
112	4
113	6
114	3
115	3
116	5
117	4
118	2
119	4
120	8
121	5
122	5
123	1
124	8
125	8
126	10
127	6
128	3
129	4
130	4
131	3
132	4
133	4
134	1
135	2
136	1
137	1
138	0
139	1
140	0
141	4
142	1
143	1
144	1
145	3
146	1
147	3
148	3
149	10
150	2
151	1
152	2
153	5
154	3
155	1
156	1
157	2
158	1
159	2
160	1
161	1
162	1
163	1
164	1
165	1
166	0
167	3
168	1
169	2
170	2
171	3
172	1
173	1
174	1
175	2
176	1
177	4
178	5
179	2
180	3
181	0
182	0
183	1
184	1
185	2
186	3
187	2
188	5
189	1
190	6
191	2
192	1
193	5
194	3
195	1
196	10
197	2
198	7
199	3
200	1
201	5
202	0
203	5
204	2
205	2
206	1
207	0
208	2
209	6
210	2
211	0
212	1
213	2
214	1
215	2
216	1
217	3
218	2
219	3
220	0
221	1
222	0
223	3
224	2
225	4
226	4
227	2
228	2
229	6
230	2
231	2
232	1
233	4
234	3
235	2
236	3
237	4
238	6
239	4
240	1
241	8
242	4
243	2
244	5
245	4
246	6
247	1
248	2
249	2
250	0
251	2
252	15
253	2
254	1
255	3
256	3
257	1
258	1
259	2
260	9
261	6
262	2
263	5
264	5
265	3
266	2
267	4
268	9
269	4
270	0
271	5
272	5
273	4
274	7
275	4
276	5
277	3
278	2
279	2
280	6
281	2
282	5
283	7
284	3
285	0
286	4
287	5
288	9
289	4
290	6
291	4
292	1
293	1
294	0
295	6
296	6
297	6
298	4
299	3
300	11
301	3
302	5
303	2
304	2
305	5
306	3
307	2
308	14
309	0
310	2
311	4
312	5
313	1
314	2
315	3
316	6
317	4
318	3
319	1
320	6
321	2
322	4
323	1
324	1
325	1
326	2
327	2
328	0
329	1
330	1
331	1
332	0
333	1
334	2
335	0
336	4
337	0
338	2
339	3
340	0
341	0
342	4
343	2
344	1
345	2
346	0
347	4
348	2
349	0
350	8
351	3
352	2
353	0
354	1
355	1
356	2
357	1
358	2
359	0
360	7
361	3
362	0
363	3
364	1
365	4
366	3
367	0
368	5
369	5
370	2
371	1
372	3
373	3
374	3
375	1
376	4
377	1
378	2
379	1
380	2
381	0
382	6
383	8
384	3
385	2
386	4
387	4
388	1
389	1
390	4
391	5
392	5
393	2
394	4
395	1
396	4
397	3
398	3
399	4
400	5
401	6
402	2
403	0
404	3
405	3
406	6
407	5
408	1
409	5
410	1
411	1
412	7
413	4
414	2
415	3
416	0
417	0
418	0
419	1
420	15
421	1
422	0
423	2
424	1
425	1
426	0
427	0
428	1
429	1
430	0
431	6
432	3
433	1
434	1
435	2
436	9
437	2
438	0
439	3
440	2
441	3
442	5
443	2
444	1
445	3
446	2
447	5
448	3
449	4
450	2
451	2
452	4
453	0
454	1
455	3
456	2
457	2
458	4
459	2
460	3
461	3
462	5
463	12
464	1
465	3
466	6
467	1
468	4
469	1
470	4
471	6
472	4
473	8
474	6
475	7
476	2
477	5
478	6
479	6
480	5
481	3
482	6
483	5
484	4
485	3
486	3
487	2
488	1
489	5
490	3
491	4
492	3
493	5
494	3
495	6
496	4
497	4
498	6
499	3
500	5
501	6
502	4
503	6
504	3
505	4
506	1
507	2
508	6
509	2
510	3
511	2
512	3
513	4
514	2
515	2
516	3
517	5
518	0
519	1
520	0
521	2
522	3
523	2
524	7
525	3
526	0
527	4
528	2
529	1
530	0
531	3
532	4
533	2
534	0
535	6
536	0
537	1
538	4
539	0
540	3
541	1
542	0
543	6
544	6
545	1
546	5
547	2
548	2
549	1
550	1
551	1
552	0
553	0
554	6
555	1
556	1
557	3
558	1
559	2
560	0
561	0
562	8
563	3
564	1
565	0
566	7
567	4
568	2
569	3
570	6
571	0
572	4
573	2
574	4
575	5
576	0
577	5
578	5
579	1
580	1
581	4
582	3
583	3
584	3
585	5
586	0
587	0
588	4
589	6
590	1
591	4
592	3
593	8
594	3
595	0
596	8
597	5
598	2
599	13
600	3
601	4
602	2
603	5
604	2
605	3
606	1
607	7
608	2
609	3
610	8
611	14
612	1
613	2
614	1
615	21
616	4
617	1
618	0
619	6
620	3
621	2
622	0
623	15
624	6
625	2
626	0
627	7
628	1
629	0
630	0
631	15
632	5
633	1
634	6
635	7
636	2
637	4
638	3
639	4
640	10
641	5
642	0
643	10
644	5
645	4
646	0
647	5
648	8
649	3
650	9
651	5
652	5
653	5
654	3
655	8
656	4
657	3
658	15
659	6
660	9
661	3
662	4
663	7
664	5
665	2
666	6
667	4
668	11
669	4
670	0
671	3
672	8
673	5
674	5
675	8
676	3
677	3
678	2
679	9
680	5
681	3
682	2
683	4
684	8
685	4
686	7
687	4
688	8
689	3
690	2
691	3
692	4
693	4
694	0
695	2
696	5
697	3
698	0
699	12
700	7
701	6
702	0
703	4
704	5
705	1
706	0
707	6
708	3
709	5
710	0
711	5
712	2
713	3
714	3
715	3
716	6
717	3
718	0
719	5
720	4
721	4
722	8
723	0
724	1
725	0
726	2
727	1
728	3
729	7
730	0
731	0
732	4
733	9
734	2
735	1
736	0
737	0
738	5
739	0
740	5
741	3
742	3
743	0
744	3
745	1
746	4
747	3
748	5
749	1
750	4
751	1
752	0
753	6
754	6
755	3
756	1
757	3
758	4
759	4
760	3
761	3
762	5
763	3
764	0
765	0
766	2
767	12
768	3
769	5
770	5
771	3
772	1
773	14
774	5
775	5
776	4
777	5
778	3
779	2
780	7
781	2
782	4
783	1
784	5
785	7
786	3
787	5
788	7
789	3
790	7
791	1
792	3
793	13
794	2
795	3
796	1
797	4
798	1
799	3
800	4
801	3
802	4
803	12
804	2
805	2
806	1
807	1
808	3
809	3
810	8
811	8
812	4
813	2
814	2
815	3
816	6
817	4
818	2
819	13
820	1
821	2
822	4
823	3
824	7
825	3
826	3
827	2
828	0
829	4
830	5
831	4
832	4
833	1
834	3
835	0
836	2
837	3
838	3
839	5
840	0
841	0
842	2
843	1
844	0
845	0
846	3
847	5
848	6
849	2
850	2
851	1
852	1
853	0
854	0
855	8
856	0
857	1
858	4
859	1
860	0
861	1
862	6
863	1
864	1
865	4
866	3
867	0
868	0
869	1
870	4
871	1
872	1
873	3
874	4
875	1
876	0
877	0
878	3
879	3
880	2
881	3
882	1
883	6
884	0
885	0
886	3
887	3
888	1
889	4
890	2
891	6
892	0
893	0
894	2
895	7
896	2
897	7
898	3
899	4
900	1
901	6
902	2
903	7
904	3
905	7
906	6
907	3
908	3
909	5
910	3
911	3
912	5
913	2
914	9
915	1
916	1
917	3
918	4
919	0
920	2
921	5
922	3
923	0
924	1
925	1
926	2
927	3
928	2
929	3
930	4
931	6
932	2
933	4
934	2
935	1
936	1
937	3
938	18
939	1
940	3
941	1
942	4
943	3
944	5
945	3
946	3
947	0
948	3
949	4
950	3
951	1
952	1
953	6
954	4
955	0
956	3
957	5
958	6
959	1
960	0
961	3
962	1
963	3
964	0
965	2
966	1
967	9
968	3
969	29
970	1
971	1
972	0
973	0
974	3
975	3
976	2
977	5
978	4
979	1
980	1
981	0
982	3
983	1
984	2
985	3
986	2
987	4
988	1
989	1
990	2
991	4
992	3
993	3
994	4
995	6
996	2
997	3
998	6
999	7
1000	2
1001	3
1002	9
1003	6
1004	2
1005	4
1006	22
1007	5
1008	13
1009	4
1010	6
1011	12
1012	3
1013	3
1014	8
1015	3
1016	12
1017	4
1018	16
1019	5
1020	7
1021	9
1022	7
1023	11
1024	4
1025	11
1026	8
1027	5
1028	9
1029	4
1030	3
1031	2
1032	4
1033	9
1034	7
1035	11
1036	6
1037	5
1038	4
1039	2
1040	4
1041	6
1042	18
1043	6
1044	6
1045	11
1046	6
1047	2
1048	8
1049	6
1050	3
1051	5
1052	6
1053	6
1054	3
1055	5
1056	8
1057	3
1058	12
1059	3
1060	2
1061	2
1062	0
1063	2
1064	3
1065	5
1066	1
1067	5
1068	2
1069	1
1070	7
1071	4
1072	1
1073	36
1074	18
1075	5
1076	4
1077	1
1078	1
1079	7
1080	6
1081	7
1082	11
1083	6
1084	0
1085	7
1086	3
1087	4
1088	2
1089	3
1090	5
1091	5
1092	2
1093	8
1094	5
1095	4
1096	2
1097	7
1098	12
1099	2
1100	6
1101	3
1102	2
1103	6
1104	5
1105	2
1106	4
1107	2
1108	3
1109	3
1110	0
1111	13
1112	4
1113	3
1114	1
1115	1
1116	1
1117	2
1118	0
1119	7
1120	7
1121	3
1122	2
1123	4
1124	4
1125	2
1126	1
1127	15
1128	5
1129	1
1130	3
1131	4
1132	2
1133	0
1134	2
1135	5
1136	6
1137	3
1138	9
1139	1
1140	3
1141	10
1142	0
1143	4
1144	2
1145	3
1146	4
1147	3
1148	2
1149	9
1150	2
1151	8
1152	2
1153	3
1154	6
1155	2
1156	6
1157	5
1158	4
1159	2
1160	1
1161	4
1162	2
1163	3
1164	1
1165	1
1166	7
1167	1
1168	3
1169	3
1170	0
1171	2
1172	1
1173	2
1174	4
1175	2
1176	5
1177	4
1178	0
1179	4
1180	2
1181	0
1182	1
1183	1
1184	5
1185	2
1186	1
1187	1
1188	1
1189	6
1190	0
1191	6
1192	5
1193	1
1194	3
1195	2
1196	0
1197	1
1198	0
1199	3
1200	4
1201	4
1202	2
1203	2
1204	3
1205	0
1206	1
1207	4
1208	3
1209	9
1210	1
1211	2
1212	2
1213	0
1214	0
1215	1
1216	2
1217	3
1218	1
1219	5
1220	0
1221	2
1222	0
1223	2
1224	4
1225	2
1226	1
1227	3
1228	10
1229	13
1230	0
1231	0
1232	3
1233	5
1234	0
1235	0
1236	7
1237	2
1238	0
1239	1
1240	5
1241	5
1242	1
1243	3
1244	4
1245	8
1246	2
1247	1
1248	2
1249	14
1250	3
1251	0
1252	0
1253	0
1254	1
1255	2
1256	0
1257	5
1258	1
1259	3
1260	0
1261	0
1262	3
1263	3
1264	0
1265	4
1266	3
1267	1
1268	1
1269	0
1270	3
1271	7
1272	3
1273	5
1274	3
1275	5
1276	1
1277	0
1278	2
1279	4
1280	8
1281	5
1282	3
1283	5
1284	3
1285	2
1286	4
1287	3
1288	7
1289	3
1290	2
1291	1
1292	5
1293	4
1294	0
1295	2
1296	7
1297	3
1298	2
1299	1
1300	5
1301	3
1302	0
1303	1
1304	8
1305	10
1306	1
1307	3
1308	2
1309	3
1310	0
1311	0
1312	0
1313	2
1314	1
1315	5
1316	3
1317	5
1318	0
1319	0
1320	5
1321	5
1322	3
1323	2
1324	4
1325	1
1326	0
1327	3
1328	3
1329	7
1330	2
1331	2
1332	2
1333	1
1334	1
1335	1
1336	3
1337	4
1338	0
1339	5
1340	1
1341	0
1342	1
1343	0
1344	6
1345	3
1346	0
1347	3
1348	0
1349	1
1350	3
1351	1
1352	3
1353	10
1354	1
1355	3
1356	0
1357	7
1358	4
1359	3
1360	0
1361	8
1362	3
1363	5
1364	3
1365	2
1366	2
1367	5
1368	1
1369	32
1370	4
1371	4
1372	6
1373	3
1374	1
1375	3
1376	1
1377	4
1378	3
1379	5
1380	3
1381	2
1382	1
1383	4
1384	0
1385	1
1386	3
1387	0
1388	3
1389	2
1390	3
1391	3
1392	3
1393	2
1394	4
1395	1
1396	1
1397	6
1398	5
1399	3
1400	2
1401	3
1402	3
1403	2
1404	5
1405	5
1406	1
1407	3
1408	1
1409	5
1410	1
1411	3
1412	3
1413	2
1414	1
1415	3
1416	1
1417	2
1418	1
1419	0
1420	0
1421	1
1422	1
1423	1
1424	3
1425	2
1426	1
1427	0
1428	1
1429	1
1430	3
1431	0
1432	0
1433	4
1434	1
1435	1
1436	2
1437	2
1438	3
1439	2
1440	1
1441	3
1442	0
1443	0
1444	1
1445	5
1446	1
1447	4
1448	0
1449	4
1450	1
1451	2
1452	1
1453	9
1454	0
1455	2
1456	1
1457	4
1458	4
1459	0
1460	0
1461	2
1462	2
1463	3
1464	0
1465	3
1466	4
1467	3
1468	1
1469	3
1470	1
1471	2
1472	0
1473	0
1474	2
1475	4
1476	0
1477	4
1478	2
1479	3
1480	2
1481	9
1482	0
1483	4
1484	0
1485	1
1486	1
1487	6
1488	1
1489	3
1490	2
1491	4
1492	0
1493	2
1494	2
1495	7
1496	3
1497	2
1498	6
1499	3
1500	1
1501	0
1502	0
1503	2
1504	4
1505	1
1506	1
1507	2
1508	5
1509	8
1510	0
1511	0
1512	5
1513	3
1514	0
1515	5
1516	0
1517	0
1518	0
1519	1
1520	3
1521	0
1522	1
1523	5
1524	0
1525	0
1526	0
1527	0
1528	4
1529	2
1530	1
1531	4
1532	0
1533	2
1534	2
1535	1
1536	2
1537	1
1538	4
1539	0
1540	1
1541	2
1542	0
1543	2
1544	3
1545	2
1546	2
1547	2
1548	0
1549	0
1550	0
1551	4
1552	4
1553	3
1554	6
1555	6
1556	4
1557	0
1558	1
1559	2
1560	3
1561	1
1562	2
1563	3
1564	1
1565	0
1566	2
1567	2
1568	2
1569	1
1570	1
1571	6
1572	1
1573	0
1574	3
1575	3
1576	2
1577	2
1578	1
1579	2
1580	2
1581	1
1582	2
1583	7
1584	2
1585	10
1586	1
1587	2
1588	2
1589	1
1590	1
1591	7
1592	3
1593	6
1594	1
1595	5
1596	0
1597	1
1598	1
1599	3
1600	6
1601	5
1602	3
1603	4
1604	2
1605	1
1606	3
1607	9
1608	4
1609	7
1610	1
1611	5
1612	4
1613	5
1614	5
1615	1
1616	6
1617	5
1618	1
1619	1
1620	5
1621	4
1622	2
1623	4
1624	4
1625	9
1626	4
1627	2
1628	3
1629	1
1630	2
1631	7
1632	4
1633	9
1634	4
1635	1
1636	4
1637	5
1638	2
1639	7
1640	3
1641	8
1642	5
1643	2
1644	5
1645	6
1646	2
1647	6
1648	2
1649	3
1650	8
1651	2
1652	4
1653	3
1654	2
1655	8
1656	4
1657	28
1658	2
1659	1
1660	4
1661	8
1662	3
1663	3
1664	3
1665	2
1666	1
1667	1
1668	5
1669	5
1670	5
1671	0
1672	1
1673	5
1674	0
1675	1
1676	0
1677	1
1678	1
1679	0
1680	0
1681	5
1682	0
1683	2
1684	0
1685	0
1686	2
1687	3
1688	3
1689	0
1690	2
1691	1
1692	1
1693	0
1694	0
1695	0
1696	9
1697	5
1698	1
1699	2
1700	1
1701	0
1702	0
1703	3
1704	0
1705	3
1706	5
1707	1
1708	8
1709	0
1710	6
1711	3
1712	0
1713	1
1714	3
1715	4
1716	2
1717	0
1718	1
1719	0
1720	1
1721	3
1722	1
1723	2
1724	0
1725	1
1726	0
1727	3
1728	2
1729	0
1730	4
1731	4
1732	1
1733	0
1734	4
1735	4
1736	1
1737	2
1738	3
1739	0
1740	0
1741	0
1742	4
1743	3
1744	1
1745	5
1746	4
1747	2
1748	1
1749	2
1750	1
1751	1
1752	0
1753	4
1754	2
1755	2
1756	0
1757	3
1758	4
1759	2
1760	0
1761	6
1762	4
1763	2
1764	0
1765	1
1766	2
1767	9
1768	3
1769	6
1770	3
1771	3
1772	2
1773	3
1774	1
1775	5
1776	0
1777	5
1778	7
1779	0
1780	0
1781	2
1782	0
1783	4
1784	2
1785	10
1786	5
1787	1
1788	3
1789	3
1790	3
1791	4
1792	4
1793	4
1794	2
1795	1
1796	2
1797	3
1798	0
1799	3
1800	1
1801	3
1802	2
1803	3
1804	4
1805	4
1806	2
1807	7
1808	1
1809	6
1810	2
1811	5
1812	3
1813	5
1814	2
1815	8
1816	2
1817	4
1818	2
1819	4
1820	4
1821	4
1822	2
1823	1
1824	3
1825	4
1826	3
1827	0
1828	2
1829	4
1830	4
1831	1
1832	3
1833	7
1834	6
1835	2
1836	2
1837	7
1838	3
1839	2
1840	4
1841	1
1842	5
1843	4
1844	0
1845	3
1846	7
1847	4
1848	5
1849	9
1850	3
1851	5
1852	3
1853	1
1854	2
1855	2
1856	2
1857	4
1858	5
1859	7
1860	0
1861	2
1862	2
1863	4
1864	8
1865	7
1866	4
1867	2
1868	2
1869	1
1870	3
1871	2
1872	5
1873	8
1874	4
1875	4
1876	5
1877	5
1878	4
1879	8
1880	7
1881	7
1882	8
1883	6
1884	1
1885	5
1886	1
1887	7
1888	7
1889	4
1890	7
1891	1
1892	0
1893	2
1894	2
1895	3
1896	7
1897	3
1898	4
1899	1
1900	2
1901	2
1902	2
1903	3
1904	5
1905	3
1906	4
1907	0
1908	3
1909	1
1910	0
1911	2
1912	7
1913	5
1914	3
1915	3
1916	1
1917	2
1918	1
1919	1
1920	3
1921	4
1922	4
1923	4
1924	1
1925	2
1926	2
1927	4
1928	1
1929	3
1930	4
1931	0
1932	1
1933	2
1934	3
1935	2
1936	6
1937	2
1938	2
1939	2
1940	5
1941	0
1942	3
1943	3
1944	2
1945	5
1946	1
1947	3
1948	1
1949	3
1950	4
1951	1
1952	2
1953	5
1954	2
1955	4
1956	0
1957	4
1958	3
1959	3
1960	14
1961	5
1962	3
1963	3
1964	4
1965	8
1966	7
1967	5
1968	19
1969	11
1970	3
1971	4
1972	5
1973	3
1974	3
1975	5
1976	3
1977	6
1978	8
1979	6
1980	5
1981	6
1982	8
1983	4
1984	3
1985	5
1986	4
1987	1
1988	4
1989	1
1990	3
1991	6
1992	2
1993	5
1994	4
1995	3
1996	2
1997	5
1998	2
1999	4
2000	1
2001	7
2002	1
2003	0
2004	2
2005	3
2006	1
2007	3
2008	3
2009	6
2010	11
2011	0
2012	1
2013	3
2014	1
2015	3
2016	2
2017	12
2018	2
2019	1
2020	6
2021	3
2022	2
2023	2
2024	0
2025	4
2026	2
2027	2
2028	1
2029	3
2030	5
2031	3
2032	2
2033	4
2034	3
2035	4
2036	3
2037	4
2038	2
2039	2
2040	3
2041	5
2042	2
2043	3
2044	4
2045	1
2046	4
2047	1
2048	2
2049	5
2050	5
2051	7
2052	3
2053	1
2054	1
2055	3
2056	2
2057	5
2058	5
2059	2
2060	2
2061	3
2062	4
2063	4
2064	2
2065	12
2066	4
2067	4
2068	5
2069	3
2070	5
2071	7
2072	5
2073	5
2074	4
2075	4
2076	3
2077	3
2078	3
2079	7
2080	6
2081	4
2082	3
2083	7
2084	3
2085	3
2086	8
2087	6
2088	1
2089	4
2090	3
2091	3
2092	4
2093	4
2094	3
2095	5
2096	1
2097	7
2098	0
2099	3
2100	1
2101	3
2102	3
2103	6
2104	1
2105	6
2106	4
2107	2
2108	0
2109	5
2110	3
2111	6
2112	0
2113	10
2114	5
2115	7
2116	3
2117	2
2118	3
2119	2
2120	2
2121	6
2122	4
2123	5
2124	5
2125	5
2126	2
2127	7
2128	3
2129	6
2130	7
2131	4
2132	4
2133	10
2134	4
2135	6
2136	2
2137	5
2138	4
2139	5
2140	2
2141	8
2142	3
2143	4
2144	1
2145	2
2146	3
2147	0
2148	3
2149	4
2150	2
2151	7
2152	5
2153	9
2154	6
2155	9
2156	3
2157	4
2158	7
2159	3
2160	1
2161	10
2162	3
2163	3
2164	3
2165	5
2166	0
2167	5
2168	2
2169	6
2170	2
2171	2
2172	2
2173	4
2174	0
2175	1
2176	5
2177	5
2178	1
2179	2
2180	8
2181	4
2182	7
2183	1
2184	2
2185	6
2186	2
2187	1
2188	7
2189	8
2190	3
2191	3
2192	0
2193	4
2194	3
2195	1
2196	6
2197	3
2198	3
2199	1
2200	2
2201	6
2202	1
2203	2
2204	11
2205	2
2206	2
2207	3
2208	0
2209	5
2210	3
2211	6
2212	7
2213	2
2214	2
2215	0
2216	6
2217	8
2218	9
2219	4
2220	10
2221	5
2222	2
2223	4
2224	5
2225	10
2226	0
2227	2
2228	3
2229	5
2230	4
2231	0
2232	4
2233	6
2234	0
2235	0
2236	3
2237	2
2238	4
2239	0
2240	3
2241	2
2242	3
2243	1
2244	7
2245	4
2246	4
2247	1
2248	3
2249	6
2250	3
2251	2
2252	7
2253	4
2254	1
2255	2
2256	3
2257	9
2258	2
2259	7
2260	5
2261	3
2262	4
2263	0
2264	5
2265	5
2266	3
2267	9
2268	7
2269	12
2270	2
2271	3
2272	5
2273	6
2274	3
2275	6
2276	5
2277	5
2278	1
2279	2
2280	4
2281	6
2282	3
2283	7
2284	3
2285	5
2286	4
2287	1
2288	5
2289	4
2290	4
2291	1
2292	12
2293	3
2294	3
2295	0
2296	6
2297	2
2298	4
2299	1
2300	8
2301	3
2302	4
2303	2
2304	4
2305	4
2306	6
2307	0
2308	5
2309	0
2310	4
2311	0
2312	0
2313	3
2314	2
2315	0
2316	0
2317	2
2318	0
2319	0
2320	0
2321	3
2322	1
2323	0
2324	0
2325	2
2326	4
2327	1
2328	0
2329	7
2330	2
2331	0
2332	2
2333	3
2334	0
2335	2
2336	0
2337	3
2338	2
2339	0
2340	1
2341	3
2342	0
2343	0
2344	3
2345	4
2346	1
2347	4
2348	5
2349	2
2350	0
2351	0
2352	5
2353	6
2354	0
2355	2
2356	1
2357	0
2358	0
2359	1
2360	2
2361	5
2362	2
2363	0
2364	2
2365	4
2366	0
2367	0
2368	3
2369	2
2370	1
2371	2
2372	0
2373	2
2374	3
2375	5
2376	2
2377	3
2378	2
2379	7
2380	2
2381	1
2382	2
2383	0
2384	2
2385	6
2386	0
2387	4
2388	3
2389	0
2390	2
2391	4
2392	2
2393	5
2394	0
2395	2
2396	0
2397	2
2398	0
2399	1
2400	4
2401	6
2402	2
2403	2
2404	3
2405	3
2406	0
2407	4
2408	5
2409	5
2410	2
2411	2
2412	2
2413	5
2414	0
2415	2
2416	4
2417	4
2418	1
2419	3
2420	6
2421	6
2422	2
2423	3
2424	5
2425	5
2426	3
2427	2
2428	4
2429	3
2430	3
2431	1
2432	2
2433	3
2434	2
2435	0
2436	3
2437	6
2438	1
2439	1
2440	3
2441	2
2442	2
2443	3
2444	2
2445	1
2446	3
2447	1
2448	4
2449	3
2450	0
2451	0
2452	3
2453	2
2454	0
2455	0
2456	0
2457	6
2458	2
2459	0
2460	1
2461	1
2462	1
2463	0
2464	1
2465	2
2466	0
2467	0
2468	3
2469	2
2470	0
2471	2
2472	4
2473	6
2474	2
2475	3
2476	0
2477	1
2478	2
2479	3
2480	1
2481	5
2482	2
2483	2
2484	9
2485	2
2486	1
2487	3
2488	6
2489	4
2490	7
2491	0
2492	3
2493	3
2494	6
2495	4
2496	4
2497	6
2498	3
2499	0
2500	5
2501	1
2502	4
2503	3
2504	1
2505	4
2506	1
2507	0
2508	0
2509	1
2510	0
2511	4
2512	0
2513	5
2514	3
2515	0
2516	0
2517	2
2518	0
2519	2
2520	0
2521	5
2522	7
2523	0
2524	0
2525	1
2526	1
2527	5
2528	1
2529	3
2530	1
2531	0
2532	1
2533	2
2534	1
2535	3
2536	0
2537	7
2538	5
2539	2
2540	0
2541	0
2542	9
2543	2
2544	2
2545	6
2546	4
2547	2
2548	0
2549	0
2550	1
2551	3
2552	0
2553	3
2554	3
2555	2
2556	0
2557	2
2558	6
2559	2
2560	4
2561	3
2562	5
2563	1
2564	1
2565	2
2566	7
2567	3
2568	9
2569	5
2570	2
2571	1
2572	1
2573	2
2574	4
2575	5
2576	5
2577	11
2578	4
2579	3
2580	2
2581	2
2582	2
2583	4
2584	3
2585	10
2586	4
2587	0
2588	2
2589	0
2590	3
2591	2
2592	6
2593	22
2594	2
2595	1
2596	3
2597	5
2598	5
2599	0
2600	5
2601	6
2602	2
2603	1
2604	1
2605	0
2606	2
2607	6
2608	4
2609	6
2610	2
2611	0
2612	0
2613	1
2614	2
2615	1
2616	2
2617	14
2618	3
2619	0
2620	0
2621	5
2622	3
2623	1
2624	0
2625	5
2626	1
2627	1
2628	0
2629	1
2630	0
2631	4
2632	0
2633	9
2634	0
2635	2
2636	2
2637	2
2638	0
2639	3
2640	0
2641	9
2642	0
2643	1
2644	0
2645	0
2646	0
2647	1
2648	0
2649	19
2650	1
2651	1
2652	0
2653	3
2654	0
2655	3
2656	0
2657	10
2658	1
2659	0
2660	1
2661	6
2662	1
2663	3
2664	0
2665	12
2666	0
2667	0
2668	1
2669	3
2670	0
2671	5
2672	0
2673	2
2674	0
2675	1
2676	6
2677	1
2678	0
2679	2
2680	0
2681	2
2682	0
2683	2
2684	0
2685	1
2686	1
2687	6
2688	1
2689	2
2690	3
2691	6
2692	4
2693	3
2694	3
2695	1
2696	1
2697	1
2698	0
2699	4
2700	1
2701	5
2702	4
2703	8
2704	8
2705	2
2706	1
2707	3
2708	5
2709	1
2710	1
2711	1
2712	6
2713	1
2714	0
2715	1
2716	2
2717	0
2718	1
2719	1
2720	2
2721	4
2722	1
2723	1
2724	3
2725	0
2726	4
2727	0
2728	3
2729	4
2730	2
2731	0
2732	1
2733	1
2734	4
2735	2
2736	4
2737	2
2738	4
2739	0
2740	3
2741	1
2742	4
2743	3
2744	3
2745	8
2746	11
2747	3
2748	4
2749	1
2750	2
2751	6
2752	2
2753	1
2754	3
2755	7
2756	4
2757	3
2758	2
2759	9
2760	7
2761	4
2762	3
2763	1
2764	4
2765	4
2766	5
2767	4
2768	5
2769	1
2770	5
2771	3
2772	4
2773	7
2774	3
2775	8
2776	4
2777	3
2778	6
2779	3
2780	3
2781	5
2782	4
2783	3
2784	3
2785	3
2786	0
2787	3
2788	3
2789	3
2790	0
2791	10
2792	4
2793	3
2794	0
2795	6
2796	4
2797	8
2798	2
2799	3
2800	0
2801	2
2802	0
2803	3
2804	4
2805	10
2806	0
2807	7
2808	5
2809	2
2810	1
2811	0
2812	4
2813	11
2814	2
2815	11
2816	12
2817	0
2818	1
2819	7
2820	3
2821	3
2822	4
2823	6
2824	9
2825	2
2826	0
2827	1
2828	11
2829	3
2830	0
2831	2
2832	5
2833	0
2834	1
2835	3
2836	0
2837	9
2838	0
2839	4
2840	4
2841	0
2842	4
2843	7
2844	1
2845	3
2846	0
2847	9
2848	8
2849	1
2850	7
2851	6
2852	4
2853	3
2854	0
2855	5
2856	4
2857	2
2858	1
2859	3
2860	1
2861	1
2862	1
2863	6
2864	3
2865	0
2866	3
2867	5
2868	2
2869	0
2870	0
2871	8
2872	1
2873	1
2874	1
2875	4
2876	18
2877	3
2878	2
2879	3
2880	7
2881	2
2882	2
2883	2
2884	4
2885	3
2886	2
2887	1
2888	2
2889	0
2890	0
2891	3
2892	5
2893	4
2894	2
2895	2
2896	4
2897	1
2898	3
2899	5
2900	1
2901	0
2902	2
2903	1
2904	2
2905	0
2906	2
2907	0
2908	2
2909	1
2910	0
2911	4
2912	1
2913	4
2914	0
2915	4
2916	3
2917	3
2918	0
2919	2
2920	2
2921	5
2922	0
2923	3
2924	6
2925	3
2926	2
2927	2
2928	2
2929	5
2930	0
2931	3
2932	1
2933	2
2934	1
2935	1
2936	5
2937	4
2938	0
2939	4
2940	2
2941	6
2942	0
2943	1
2944	2
2945	4
2946	1
2947	5
2948	2
2949	2
2950	0
2951	1
2952	3
2953	1
2954	2
2955	1
2956	6
2957	5
2958	0
2959	4
2960	4
2961	1
2962	1
2963	6
2964	2
2965	0
2966	0
2967	4
2968	2
2969	1
2970	0
2971	2
2972	4
2973	0
2974	1
2975	5
2976	4
2977	5
2978	3
2979	6
2980	1
2981	1
2982	1
2983	4
2984	5
2985	9
2986	1
2987	4
2988	4
2989	3
2990	1
2991	7
2992	5
2993	5
2994	4
2995	0
2996	2
2997	3
2998	2
2999	5
3000	2
3001	6
3002	5
3003	7
3004	4
3005	6
3006	2
3007	6
3008	3
3009	5
3010	4
3011	7
3012	3
3013	4
3014	4
3015	4
3016	1
3017	7
3018	2
3019	3
3020	3
3021	3
3022	2
3023	8
3024	2
3025	6
3026	5
3027	5
3028	5
3029	4
3030	2
3031	4
3032	2
3033	4
3034	7
3035	0
3036	3
3037	14
3038	0
3039	3
3040	3
3041	8
3042	2
3043	4
3044	3
3045	14
3046	1
3047	4
3048	2
3049	4
3050	1
3051	4
3052	2
3053	7
3054	1
3055	0
3056	0
3057	6
3058	2
3059	1
3060	3
3061	0
3062	1
3063	1
3064	2
3065	4
3066	11
3067	1
3068	6
3069	15
3070	2
3071	5
3072	2
3073	1
3074	10
3075	1
3076	1
3077	4
3078	2
3079	3
3080	1
3081	7
3082	6
3083	3
3084	0
3085	1
3086	2
3087	0
3088	4
3089	1
3090	9
3091	0
3092	2
3093	0
3094	2
3095	4
3096	2
3097	0
3098	12
3099	1
3100	1
3101	3
3102	3
3103	4
3104	0
3105	4
3106	6
3107	1
3108	1
3109	0
3110	4
3111	3
3112	0
3113	2
3114	5
3115	2
3116	1
3117	7
3118	7
3119	1
3120	1
3121	3
3122	5
3123	1
3124	0
3125	1
3126	7
3127	10
3128	2
3129	32
3130	9
3131	0
3132	9
3133	9
3134	2
3135	7
3136	1
3137	3
3138	6
3139	7
3140	0
3141	0
3142	1
3143	9
3144	1
3145	0
3146	3
3147	1
3148	6
3149	2
3150	1
3151	3
3152	2
3153	11
3154	0
3155	1
3156	3
3157	3
3158	1
3159	3
3160	3
3161	6
3162	0
3163	4
3164	2
3165	26
3166	1
3167	3
3168	1
3169	3
3170	3
3171	3
3172	2
3173	2
3174	1
3175	3
3176	0
3177	1
3178	1
3179	1
3180	2
3181	2
3182	2
3183	6
3184	3
3185	9
3186	2
3187	3
3188	2
3189	3
3190	1
3191	1
3192	1
3193	3
3194	4
3195	3
3196	0
3197	7
3198	1
3199	2
3200	4
3201	7
3202	2
3203	2
3204	3
3205	1
3206	0
3207	1
3208	1
3209	2
3210	1
3211	1
3212	0
3213	1
3214	3
3215	2
3216	2
3217	5
3218	0
3219	1
3220	3
3221	0
3222	0
3223	5
3224	0
3225	4
3226	1
3227	1
3228	7
3229	2
3230	0
3231	8
3232	1
3233	9
3234	1
3235	0
3236	1
3237	3
3238	2
3239	2
3240	7
3241	5
3242	3
3243	5
3244	0
3245	1
3246	1
3247	2
3248	3
3249	4
3250	2
3251	0
3252	2
3253	0
3254	0
3255	6
3256	2
3257	5
3258	3
3259	2
3260	1
3261	7
3262	0
3263	2
3264	2
3265	3
3266	1
3267	2
3268	4
3269	4
3270	0
3271	1
3272	5
3273	6
3274	0
3275	0
3276	7
3277	4
3278	0
3279	0
3280	2
3281	3
3282	4
3283	4
3284	6
3285	2
3286	0
3287	0
3288	3
3289	2
3290	1
3291	6
3292	4
3293	3
3294	1
3295	2
3296	1
3297	2
3298	2
3299	1
3300	2
3301	3
3302	3
3303	2
3304	5
3305	1
3306	4
3307	5
3308	3
3309	6
3310	3
3311	4
3312	3
3313	2
3314	6
3315	5
3316	4
3317	3
3318	6
3319	5
3320	4
3321	2
3322	2
3323	5
3324	6
3325	3
3326	5
3327	2
3328	2
3329	6
3330	5
3331	2
3332	4
3333	2
3334	6
3335	3
3336	3
3337	6
3338	3
3339	4
3340	5
3341	9
3342	5
3343	5
3344	3
3345	6
3346	5
3347	6
3348	6
3349	2
3350	5
3351	6
3352	4
3353	16
3354	5
3355	7
3356	4
3357	4
3358	8
3359	4
3360	11
3361	6
3362	4
3363	4
3364	4
3365	3
3366	4
3367	3
3368	6
3369	9
3370	2
3371	5
3372	6
3373	6
3374	5
3375	1
3376	4
3377	3
3378	1
3379	4
3380	3
3381	7
3382	4
3383	2
3384	4
3385	3
3386	2
3387	4
3388	2
3389	4
3390	3
3391	2
3392	4
3393	5
3394	4
3395	6
3396	9
3397	5
3398	3
3399	4
3400	4
3401	5
3402	4
3403	1
3404	4
3405	3
3406	4
3407	2
3408	2
3409	5
3410	4
3411	2
3412	1
3413	5
3414	3
3415	7
3416	1
3417	4
3418	5
3419	1
3420	2
3421	4
3422	2
3423	4
3424	1
3425	3
3426	5
3427	2
3428	0
3429	3
3430	4
3431	4
3432	1
3433	3
3434	3
3435	2
3436	1
3437	5
3438	2
3439	4
3440	2
3441	0
3442	1
3443	2
3444	1
3445	0
3446	2
3447	5
3448	2
3449	2
3450	3
3451	0
3452	1
3453	4
3454	3
3455	12
3456	5
3457	8
3458	1
3459	6
3460	5
3461	5
3462	8
3463	9
3464	3
3465	3
3466	2
3467	5
3468	1
3469	2
3470	5
3471	6
3472	3
3473	4
3474	3
3475	6
3476	2
3477	1
3478	4
3479	17
3480	2
3481	3
3482	5
3483	1
3484	0
3485	0
3486	4
3487	1
3488	2
3489	1
3490	3
3491	4
3492	0
3493	2
3494	5
3495	1
3496	4
3497	2
3498	4
3499	3
3500	2
3501	5
3502	1
3503	3
3504	3
3505	4
3506	4
3507	1
3508	0
3509	11
3510	1
3511	2
3512	1
3513	4
3514	3
3515	3
3516	0
3517	12
3518	0
3519	5
3520	10
3521	2
3522	1
3523	6
3524	1
3525	18
3526	1
3527	2
3528	1
3529	2
3530	7
3531	2
3532	3
3533	3
3534	1
3535	1
3536	0
3537	3
3538	8
3539	0
3540	1
3541	4
3542	3
3543	6
3544	3
3545	1
3546	3
3547	5
3548	5
3549	5
3550	2
3551	18
3552	1
3553	1
3554	8
3555	5
3556	4
3557	3
3558	2
3559	3
3560	0
3561	3
3562	1
3563	4
3564	0
3565	0
3566	1
3567	0
3568	1
3569	2
3570	0
3571	4
3572	0
3573	2
3574	1
3575	0
3576	3
3577	1
3578	0
3579	0
3580	1
3581	5
3582	1
3583	3
3584	2
3585	17
3586	1
3587	2
3588	0
3589	2
3590	0
3591	1
3592	4
3593	14
3594	0
3595	1
3596	0
3597	2
3598	0
3599	1
3600	3
3601	7
3602	0
3603	5
3604	1
3605	1
3606	1
3607	9
3608	1
3609	2
3610	2
3611	1
3612	5
3613	8
3614	1
3615	1
3616	0
3617	2
3618	2
3619	2
3620	0
3621	1
3622	2
3623	0
3624	2
3625	5
3626	3
3627	1
3628	1
3629	3
3630	3
3631	0
3632	1
3633	17
3634	4
3635	1
3636	1
3637	3
3638	0
3639	1
3640	1
3641	7
3642	2
3643	0
3644	3
3645	4
3646	0
3647	0
3648	3
3649	2
3650	0
3651	2
3652	4
3653	3
3654	0
3655	0
3656	6
3657	1
3658	0
3659	2
3660	2
3661	4
3662	4
3663	5
3664	4
3665	8
3666	2
3667	5
3668	6
3669	1
3670	0
3671	2
3672	0
3673	3
3674	0
3675	3
3676	3
3677	2
3678	0
3679	0
3680	4
3681	5
3682	0
3683	3
3684	8
3685	2
3686	1
3687	0
3688	2
3689	3
3690	0
3691	2
3692	4
3693	2
3694	0
3695	2
3696	2
3697	2
3698	0
3699	0
3700	2
3701	7
3702	0
3703	0
3704	0
3705	1
3706	0
3707	0
3708	2
3709	2
3710	0
3711	1
3712	1
3713	0
3714	0
3715	0
3716	6
3717	2
3718	0
3719	0
3720	0
3721	0
3722	0
3723	2
3724	1
3725	0
3726	0
3727	0
3728	0
3729	0
3730	0
3731	2
3732	0
3733	0
3734	0
3735	0
3736	0
3737	1
3738	1
3739	1
3740	1
3741	0
3742	1
3743	2
3744	0
3745	1
3746	3
3747	5
3748	0
3749	1
3750	2
3751	5
3752	0
3753	3
3754	1
3755	4
3756	3
3757	1
3758	1
3759	1
3760	1
3761	3
3762	2
3763	6
3764	11
3765	0
3766	0
3767	1
3768	1
3769	4
3770	2
3771	3
3772	9
3773	2
3774	1
3775	2
3776	1
3777	2
3778	0
3779	6
3780	8
3781	0
3782	2
3783	2
3784	9
3785	7
3786	6
3787	4
3788	2
3789	1
3790	0
3791	3
3792	14
3793	4
3794	1
3795	1
3796	0
3797	2
3798	3
3799	1
3800	0
3801	4
3802	0
3803	0
3804	1
3805	2
3806	4
3807	1
3808	0
3809	4
3810	0
3811	2
3812	0
3813	4
3814	0
3815	0
3816	1
3817	0
3818	0
3819	0
3820	0
3821	3
3822	0
3823	2
3824	1
3825	3
3826	0
3827	0
3828	0
3829	2
3830	1
3831	3
3832	3
3833	4
3834	0
3835	2
3836	0
3837	4
3838	0
3839	3
3840	1
3841	3
3842	0
3843	4
3844	2
3845	2
3846	0
3847	1
3848	0
3849	5
3850	2
3851	1
3852	0
3853	2
3854	0
3855	2
3856	1
3857	2
3858	2
3859	1
3860	1
3861	2
3862	1
3863	2
3864	2
3865	0
3866	0
3867	0
3868	5
3869	1
3870	0
3871	3
3872	0
3873	0
3874	3
3875	2
3876	0
3877	1
3878	0
3879	3
3880	1
3881	1
3882	2
3883	3
3884	3
3885	1
3886	0
3887	3
3888	1
3889	0
3890	3
3891	3
3892	3
3893	1
3894	1
3895	3
3896	1
3897	1
3898	2
3899	2
3900	3
3901	0
3902	1
3903	4
3904	3
3905	1
3906	2
3907	2
3908	5
3909	2
3910	0
3911	2
3912	3
3913	2
3914	5
3915	0
3916	3
3917	2
3918	1
3919	2
3920	4
3921	0
3922	6
3923	0
3924	1
3925	1
3926	2
3927	2
3928	4
3929	4
3930	2
3931	1
3932	3
3933	1
3934	4
3935	3
3936	0
3937	4
3938	1
3939	2
3940	3
3941	1
3942	4
3943	6
3944	1
3945	3
3946	5
3947	4
3948	3
3949	2
3950	4
3951	7
3952	1
3953	2
3954	3
3955	2
3956	1
3957	2
3958	3
3959	5
3960	3
3961	5
3962	3
3963	3
3964	1
3965	3
3966	1
3967	16
3968	5
3969	5
3970	1
3971	5
3972	1
3973	1
3974	3
3975	18
3976	3
3977	6
3978	3
3979	2
3980	2
3981	5
3982	5
3983	15
3984	2
3985	3
3986	10
3987	3
3988	2
3989	2
3990	5
3991	2
3992	2
3993	4
3994	14
3995	0
3996	1
3997	2
3998	6
3999	1
4000	0
4001	2
4002	4
4003	0
4004	3
4005	5
4006	10
4007	6
4008	1
4009	8
4010	8
4011	2
4012	2
4013	3
4014	5
4015	2
4016	4
4017	8
4018	2
4019	1
4020	0
4021	3
4022	1
4023	6
4024	2
4025	13
4026	1
4027	2
4028	2
4029	5
4030	2
4031	2
4032	0
4033	0
4034	1
4035	1
4036	0
4037	4
4038	3
4039	0
4040	2
4041	10
4042	2
4043	2
4044	0
4045	4
4046	6
4047	3
4048	1
4049	8
4050	0
4051	4
4052	0
4053	4
4054	0
4055	3
4056	2
4057	5
4058	0
4059	5
4060	2
4061	3
4062	1
4063	8
4064	0
4065	0
4066	4
4067	1
4068	0
4069	0
4070	1
4071	1
4072	2
4073	5
4074	2
4075	2
4076	3
4077	1
4078	6
4079	1
4080	3
4081	6
4082	0
4083	4
4084	3
4085	4
4086	5
4087	4
4088	7
4089	2
4090	1
4091	3
4092	7
4093	2
4094	8
4095	3
4096	1
4097	5
4098	0
4099	3
4100	0
4101	0
4102	8
4103	2
4104	5
4105	4
4106	4
4107	3
4108	3
4109	1
4110	3
4111	2
4112	4
4113	18
4114	4
4115	2
4116	1
4117	2
4118	0
4119	1
4120	1
4121	3
4122	1
4123	0
4124	1
4125	1
4126	3
4127	2
4128	1
4129	9
4130	0
4131	1
4132	3
4133	3
4134	3
4135	0
4136	1
4137	8
4138	1
4139	0
4140	5
4141	4
4142	1
4143	1
4144	1
4145	4
4146	1
4147	0
4148	3
4149	2
4150	1
4151	1
4152	3
4153	3
4154	0
4155	0
4156	7
4157	4
4158	2
4159	0
4160	0
4161	1
4162	3
4163	1
4164	7
4165	2
4166	3
4167	2
4168	1
4169	2
4170	1
4171	0
4172	1
4173	2
4174	0
4175	1
4176	2
4177	1
4178	1
4179	1
4180	1
4181	7
4182	1
4183	2
4184	3
4185	2
4186	0
4187	2
4188	1
4189	2
4190	2
4191	1
4192	0
4193	3
4194	0
4195	0
4196	1
4197	1
4198	2
4199	0
4200	0
4201	0
4202	0
4203	0
4204	0
4205	1
4206	2
4207	0
4208	0
4209	3
4210	0
4211	1
4212	1
4213	3
4214	0
4215	2
4216	0
4217	4
4218	0
4219	1
4220	1
4221	0
4222	1
4223	1
4224	1
4225	4
4226	2
4227	2
4228	1
4229	0
4230	4
4231	0
4232	1
4233	3
4234	2
4235	0
4236	1
4237	0
4238	1
4239	1
4240	0
4241	3
4242	6
4243	0
4244	1
4245	0
4246	1
4247	0
4248	0
4249	4
4250	3
4251	0
4252	2
4253	0
4254	3
4255	3
4256	0
4257	2
4258	0
4259	0
4260	0
4261	1
4262	1
4263	1
4264	0
4265	1
4266	5
4267	0
4268	0
4269	0
4270	1
4271	4
4272	0
4273	2
4274	2
4275	0
4276	1
4277	2
4278	3
4279	1
4280	0
4281	1
4282	2
4283	1
4284	0
4285	3
4286	2
4287	4
4288	0
4289	2
4290	4
4291	6
4292	1
4293	1
4294	1
4295	7
4296	0
4297	2
4298	1
4299	3
4300	0
4301	3
4302	2
4303	1
4304	0
4305	1
4306	1
4307	0
4308	2
4309	1
4310	1
4311	1
4312	0
4313	1
4314	1
4315	1
4316	1
4317	0
4318	1
4319	1
4320	0
4321	2
4322	0
4323	3
4324	9
4325	0
4326	2
4327	0
4328	3
4329	0
4330	0
4331	0
4332	2
4333	4
4334	0
4335	0
4336	1
4337	5
4338	1
4339	1
4340	2
4341	1
4342	2
4343	0
4344	0
4345	1
4346	3
4347	2
4348	3
4349	1
4350	0
4351	1
4352	2
4353	2
4354	4
4355	3
4356	11
4357	0
4358	4
4359	0
4360	4
4361	4
4362	3
4363	2
4364	6
4365	5
4366	1
4367	2
4368	2
4369	1
4370	0
4371	3
4372	2
4373	4
4374	3
4375	2
4376	0
4377	1
4378	0
4379	8
4380	0
4381	0
4382	0
4383	1
4384	0
4385	0
4386	0
4387	2
4388	0
4389	0
4390	0
4391	0
4392	0
4393	1
4394	0
4395	2
4396	0
4397	1
4398	0
4399	0
4400	1
4401	0
4402	2
4403	2
4404	4
4405	3
4406	1
4407	0
4408	1
4409	3
4410	0
4411	2
4412	2
4413	2
4414	0
4415	3
4416	1
4417	0
4418	1
4419	0
4420	2
4421	0
4422	1
4423	2
4424	0
4425	6
4426	4
4427	4
4428	3
4429	1
4430	1
4431	1
4432	0
4433	2
4434	1
4435	0
4436	0
4437	0
4438	1
4439	4
4440	0
4441	2
4442	2
4443	0
4444	0
4445	2
4446	0
4447	1
4448	1
4449	2
4450	6
4451	0
4452	0
4453	1
4454	0
4455	0
4456	3
4457	3
4458	3
4459	0
4460	1
4461	1
4462	1
4463	5
4464	1
4465	1
4466	4
4467	3
4468	2
4469	1
4470	0
4471	2
4472	2
4473	3
4474	2
4475	2
4476	1
4477	1
4478	0
4479	1
4480	0
4481	4
4482	1
4483	0
4484	1
4485	0
4486	1
4487	2
4488	0
4489	6
4490	1
4491	0
4492	4
4493	2
4494	1
4495	0
4496	0
4497	7
4498	1
4499	1
4500	1
4501	1
4502	0
4503	0
4504	0
4505	1
4506	1
4507	1
4508	1
4509	0
4510	0
4511	0
4512	0
4513	0
4514	0
4515	0
4516	1
4517	1
4518	0
4519	0
4520	0
4521	0
4522	1
4523	0
4524	0
4525	0
4526	0
4527	0
4528	0
4529	0
4530	0
4531	0
4532	0
4533	0
4534	0
4535	0
4536	0
4537	3
4538	0
4539	0
4540	0
4541	0
4542	0
4543	0
4544	0
4545	0
4546	0
4547	0
4548	1
4549	2
4550	0
4551	0
4552	0
4553	1
4554	1
4555	0
4556	1
4557	7
4558	0
4559	2
4560	0
4561	0
4562	4
4563	3
4564	0
4565	2
4566	0
4567	2
4568	2
4569	1
4570	0
4571	2
4572	0
4573	1
4574	0
4575	0
4576	2
4577	2
4578	0
4579	2
4580	0
4581	3
4582	0
4583	1
4584	1
4585	2
4586	1
4587	1
4588	0
4589	4
4590	0
4591	2
4592	0
4593	1
4594	2
4595	4
4596	0
4597	2
4598	0
4599	4
4600	2
4601	2
4602	4
4603	1
4604	0
4605	2
4606	1
4607	3
4608	1
4609	9
4610	0
4611	2
4612	0
4613	0
4614	4
4615	3
4616	2
4617	6
4618	1
4619	2
4620	0
4621	0
4622	4
4623	1
4624	0
4625	4
4626	0
4627	2
4628	1
4629	0
4630	1
4631	2
4632	2
4633	1
4634	0
4635	1
4636	0
4637	3
4638	3
4639	3
4640	2
4641	2
4642	3
4643	2
4644	1
4645	4
4646	3
4647	2
4648	0
4649	1
4650	4
4651	1
4652	2
4653	1
4654	2
4655	1
4656	0
4657	3
4658	0
4659	1
4660	2
4661	1
4662	0
4663	0
4664	0
4665	3
4666	1
4667	0
4668	0
4669	0
4670	0
4671	1
4672	0
4673	2
4674	1
4675	0
4676	1
4677	1
4678	1
4679	1
4680	0
4681	3
4682	2
4683	0
4684	0
4685	0
4686	1
4687	1
4688	0
4689	1
4690	0
4691	1
4692	0
4693	1
4694	2
4695	0
4696	0
4697	2
4698	3
4699	0
4700	0
4701	0
4702	3
4703	1
4704	0
4705	0
4706	2
4707	2
4708	0
4709	0
4710	1
4711	0
4712	2
4713	2
4714	0
4715	0
4716	0
4717	0
4718	0
4719	3
4720	0
4721	2
4722	1
4723	0
4724	0
4725	0
4726	0
4727	0
4728	1
4729	4
4730	0
4731	0
4732	1
4733	0
4734	0
4735	3
4736	1
4737	3
4738	1
4739	2
4740	1
4741	0
4742	1
4743	0
4744	1
4745	2
4746	0
4747	1
4748	0
4749	1
4750	2
4751	1
4752	0
4753	1
4754	0
4755	0
4756	0
4757	0
4758	0
4759	2
4760	0
4761	1
4762	0
4763	0
4764	0
4765	3
4766	0
4767	0
4768	0
4769	0
4770	0
4771	0
4772	0
4773	2
4774	0
4775	0
4776	0
4777	1
4778	0
4779	1
4780	6
4781	0
4782	0
4783	1
4784	0
4785	0
4786	2
4787	1
4788	5
4789	1
4790	0
4791	0
4792	1
4793	0
4794	2
4795	0
4796	0
4797	3
4798	0
4799	2
4800	6
4801	1
4802	3
4803	2
4804	2
4805	2
4806	0
4807	3
4808	1
4809	0
4810	3
4811	3
4812	2
4813	1
4814	0
4815	6
4816	1
4817	0
4818	5
4819	2
4820	1
4821	0
4822	7
4823	4
4824	0
4825	0
4826	3
4827	1
4828	1
4829	0
4830	4
4831	1
4832	0
4833	2
4834	2
4835	0
4836	0
4837	0
4838	1
4839	2
4840	0
4841	1
4842	0
4843	4
4844	1
4845	0
4846	1
4847	4
4848	0
4849	2
4850	1
4851	0
4852	0
4853	1
4854	1
4855	0
4856	2
4857	1
4858	0
4859	1
4860	0
4861	1
4862	0
4863	2
4864	2
4865	0
4866	0
4867	1
4868	0
4869	1
4870	5
4871	0
4872	3
4873	0
4874	2
4875	0
4876	3
4877	2
4878	1
4879	3
4880	1
4881	2
4882	1
4883	1
4884	4
4885	2
4886	2
4887	0
4888	2
4889	2
4890	1
4891	0
4892	0
4893	2
4894	1
4895	0
4896	2
4897	4
4898	2
4899	0
4900	7
4901	3
4902	2
4903	0
4904	1
4905	4
4906	4
4907	2
4908	4
4909	3
4910	2
4911	3
4912	5
4913	2
4914	3
4915	2
4916	2
4917	0
4918	0
4919	4
4920	3
4921	2
4922	1
4923	1
4924	3
4925	4
4926	0
4927	5
4928	1
4929	5
4930	4
4931	2
4932	2
4933	1
4934	1
4935	6
4936	0
4937	2
4938	2
4939	6
4940	2
4941	2
4942	5
4943	5
4944	0
4945	6
4946	5
4947	0
4948	2
4949	4
4950	2
4951	3
4952	0
4953	2
4954	4
4955	2
4956	2
4957	1
4958	2
4959	2
4960	1
4961	4
4962	2
4963	3
4964	0
4965	2
4966	2
4967	2
4968	1
4969	2
4970	1
4971	3
4972	2
4973	1
4974	1
4975	2
4976	2
4977	5
4978	0
4979	2
4980	1
4981	2
4982	0
4983	3
4984	2
4985	3
4986	0
4987	1
4988	1
4989	2
4990	0
4991	1
4992	1
4993	2
4994	2
4995	2
4996	1
4997	6
4998	1
4999	0
5000	1
5001	6
5002	0
5003	2
5004	1
5005	8
5006	0
5007	0
5008	3
5009	4
5010	3
5011	3
5012	2
5013	4
5014	0
5015	1
5016	0
5017	3
5018	6
5019	2
5020	3
5021	10
5022	1
5023	0
5024	1
5025	14
5026	3
5027	2
5028	3
5029	3
5030	1
5031	2
5032	0
5033	3
5034	0
5035	4
5036	2
5037	6
5038	2
5039	0
5040	1
5041	10
5042	0
5043	3
5044	2
5045	3
5046	3
5047	1
5048	1
5049	4
5050	0
5051	1
5052	1
5053	3
5054	0
5055	0
5056	2
5057	2
5058	1
5059	1
5060	0
5061	2
5062	0
5063	0
5064	0
5065	4
5066	0
5067	1
5068	1
5069	1
5070	1
5071	3
5072	0
5073	0
5074	0
5075	1
5076	1
5077	2
5078	2
5079	1
5080	1
5081	0
5082	1
5083	2
5084	0
5085	0
5086	1
5087	2
5088	1
5089	0
5090	4
5091	0
5092	0
5093	0
5094	2
5095	0
5096	0
5097	1
5098	1
5099	0
5100	2
5101	0
5102	0
5103	0
5104	1
5105	0
5106	0
5107	0
5108	0
5109	2
5110	0
5111	0
5112	0
5113	0
5114	0
5115	0
5116	0
5117	1
5118	0
5119	1
5120	0
5121	0
5122	0
5123	0
5124	1
5125	0
5126	0
5127	0
5128	0
5129	0
5130	0
5131	0
5132	0
5133	0
5134	0
5135	0
5136	0
5137	2
5138	0
5139	0
5140	1
5141	0
5142	1
5143	0
5144	1
5145	0
5146	0
5147	0
5148	0
5149	0
5150	0
5151	0
5152	0
5153	0
5154	1
5155	0
5156	0
5157	0
5158	0
5159	1
5160	1
5161	1
5162	1
5163	0
5164	0
5165	0
5166	0
5167	0
5168	0
5169	2
5170	1
5171	0
5172	0
5173	0
5174	0
5175	2
5176	0
5177	1
5178	1
5179	1
5180	0
5181	0
5182	0
5183	2
5184	1
5185	0
5186	1
5187	2
5188	0
5189	0
5190	1
5191	1
5192	2
5193	1
5194	4
5195	3
5196	0
5197	0
5198	1
5199	2
5200	0
5201	3
5202	4
5203	2
5204	0
5205	0
5206	2
5207	1
5208	0
5209	2
5210	2
5211	2
5212	0
5213	0
5214	2
5215	4
5216	0
5217	0
5218	0
5219	0
5220	1
5221	2
5222	0
5223	0
5224	0
5225	1
5226	0
5227	0
5228	1
5229	2
5230	0
5231	1
5232	0
5233	2
5234	0
5235	1
5236	1
5237	0
5238	0
5239	0
5240	0
5241	0
5242	0
5243	1
5244	1
5245	2
5246	2
5247	1
5248	0
5249	3
5250	0
5251	3
5252	0
5253	1
5254	2
5255	0
5256	0
5257	2
5258	0
5259	0
5260	1
5261	1
5262	0
5263	1
5264	1
5265	0
5266	0
5267	1
5268	1
5269	0
5270	0
5271	2
5272	2
5273	0
5274	0
5275	1
5276	0
5277	1
5278	0
5279	1
5280	0
5281	0
5282	2
5283	3
5284	0
5285	0
5286	0
5287	1
5288	0
5289	1
5290	0
5291	1
5292	0
5293	0
5294	2
5295	2
5296	2
5297	1
5298	0
5299	3
5300	0
5301	0
5302	1
5303	2
5304	4
5305	1
5306	1
5307	6
5308	1
5309	0
5310	2
5311	3
5312	0
5313	0
5314	2
5315	5
5316	1
5317	0
5318	2
5319	4
5320	1
5321	4
5322	5
5323	1
5324	1
5325	2
5326	3
5327	2
5328	1
5329	6
5330	3
5331	2
5332	2
5333	1
5334	7
5335	0
5336	0
5337	9
5338	7
5339	0
5340	2
5341	0
5342	6
5343	3
5344	1
5345	6
5346	7
5347	0
5348	1
5349	1
5350	3
5351	8
5352	2
5353	11
5354	6
5355	4
5356	1
5357	3
5358	5
5359	4
5360	8
5361	6
5362	7
5363	2
5364	0
5365	8
5366	5
5367	7
5368	5
5369	5
5370	4
5371	1
5372	2
5373	5
5374	4
5375	5
5376	1
5377	4
5378	7
5379	0
5380	5
5381	4
5382	5
5383	4
5384	4
5385	2
5386	6
5387	1
5388	7
5389	13
5390	5
5391	9
5392	0
5393	5
5394	4
5395	4
5396	19
5397	4
5398	5
5399	4
5400	0
5401	6
5402	1
5403	3
5404	3
5405	1
5406	3
5407	1
5408	0
5409	5
5410	2
5411	1
5412	7
5413	2
5414	5
5415	2
5416	2
5417	15
5418	8
5419	2
5420	6
5421	4
5422	2
5423	4
5424	1
5425	5
5426	7
5427	0
5428	12
5429	9
5430	2
5431	4
5432	0
5433	2
5434	3
5435	0
5436	2
5437	2
5438	3
5439	0
5440	0
5441	1
5442	6
5443	0
5444	5
5445	4
5446	1
5447	0
5448	3
5449	6
5450	2
5451	0
5452	5
5453	2
5454	1
5455	1
5456	0
5457	0
5458	2
5459	0
5460	1
5461	1
5462	0
5463	0
5464	0
5465	11
5466	4
5467	0
5468	1
5469	2
5470	0
5471	1
5472	0
5473	5
5474	8
5475	1
5476	0
5477	3
5478	0
5479	12
5480	1
5481	4
5482	1
5483	1
5484	2
5485	3
5486	0
5487	2
5488	1
5489	0
5490	0
5491	4
5492	1
5493	0
5494	0
5495	1
5496	0
5497	0
5498	0
5499	0
5500	1
5501	3
5502	0
5503	1
5504	0
5505	0
5506	2
5507	0
5508	1
5509	0
5510	2
5511	2
5512	0
5513	2
5514	1
5515	0
5516	0
5517	0
5518	1
5519	1
5520	0
5521	0
5522	2
5523	0
5524	1
5525	0
5526	3
5527	3
5528	0
5529	2
5530	2
5531	3
5532	0
5533	1
5534	2
5535	5
5536	5
5537	3
5538	1
5539	0
5540	1
5541	4
5542	0
5543	3
5544	1
5545	0
5546	0
5547	0
5548	0
5549	0
5550	0
5551	4
5552	0
5553	1
5554	1
5555	2
5556	2
5557	0
5558	0
5559	0
5560	1
5561	1
5562	0
5563	2
5564	5
5565	0
5566	0
5567	3
5568	1
5569	2
5570	1
5571	1
5572	1
5573	1
5574	2
5575	3
5576	0
5577	1
5578	0
5579	1
5580	0
5581	0
5582	1
5583	0
5584	0
5585	1
5586	2
5587	2
5588	0
5589	0
5590	4
5591	1
5592	0
5593	3
5594	0
5595	2
5596	0
5597	0
5598	4
5599	1
5600	0
5601	2
5602	0
5603	0
5604	0
5605	0
5606	0
5607	0
5608	0
5609	4
5610	1
5611	2
5612	0
5613	0
5614	0
5615	1
5616	2
5617	3
5618	0
5619	1
5620	1
5621	0
5622	0
5623	2
5624	4
5625	12
5626	1
5627	3
5628	0
5629	0
5630	3
5631	0
5632	1
5633	3
5634	0
5635	2
5636	2
5637	3
5638	1
5639	0
5640	1
5641	7
5642	2
5643	2
5644	1
5645	4
5646	1
5647	1
5648	2
5649	4
5650	0
5651	3
5652	0
5653	3
5654	0
5655	0
5656	2
5657	3
5658	0
5659	1
5660	1
5661	1
5662	2
5663	2
5664	2
5665	3
5666	1
5667	1
5668	5
5669	5
5670	0
5671	1
5672	0
5673	3
5674	0
5675	1
5676	1
5677	2
5678	0
5679	0
5680	1
5681	1
5682	2
5683	1
5684	0
5685	0
5686	0
5687	1
5688	1
5689	2
5690	0
5691	0
5692	0
5693	0
5694	0
5695	0
5696	3
5697	2
5698	0
5699	2
5700	1
5701	0
5702	0
5703	0
5704	0
5705	6
5706	0
5707	1
5708	0
5709	0
5710	0
5711	0
5712	0
5713	1
5714	0
5715	2
5716	0
5717	4
5718	0
5719	0
5720	0
5721	2
5722	1
5723	0
5724	0
5725	1
5726	0
5727	0
5728	0
5729	3
5730	0
5731	0
5732	0
5733	2
5734	0
5735	0
5736	0
5737	3
5738	0
5739	0
5740	0
5741	1
5742	0
5743	0
5744	0
5745	2
5746	1
5747	1
5748	1
5749	0
5750	0
5751	2
5752	0
5753	1
5754	1
5755	0
5756	0
5757	1
5758	0
5759	1
5760	3
5761	2
5762	1
5763	0
5764	0
5765	2
5766	0
5767	0
5768	0
5769	2
5770	1
5771	1
5772	0
5773	2
5774	1
5775	0
5776	0
5777	2
5778	1
5779	0
5780	2
5781	1
5782	0
5783	0
5784	1
5785	3
5786	0
5787	0
5788	1
5789	0
5790	0
5791	0
5792	0
5793	1
5794	0
5795	0
5796	1
5797	0
5798	0
5799	1
5800	0
5801	3
5802	4
5803	4
5804	0
5805	0
5806	0
5807	0
5808	0
5809	1
5810	0
5811	2
5812	0
5813	0
5814	0
5815	0
5816	0
5817	0
5818	0
5819	0
5820	0
5821	1
5822	2
5823	1
5824	0
5825	2
5826	1
5827	2
5828	0
5829	0
5830	0
5831	1
5832	0
5833	2
5834	3
5835	1
5836	1
5837	0
5838	2
5839	2
5840	0
5841	0
5842	2
5843	0
5844	0
5845	5
5846	2
5847	1
5848	0
5849	1
5850	2
5851	0
5852	0
5853	1
5854	3
5855	0
5856	0
5857	0
5858	0
5859	0
5860	0
5861	0
5862	0
5863	0
5864	0
5865	1
5866	1
5867	0
5868	0
5869	0
5870	0
5871	2
5872	0
5873	1
5874	1
5875	0
5876	0
5877	0
5878	1
5879	1
5880	0
5881	3
5882	0
5883	2
5884	0
5885	2
5886	2
5887	2
5888	1
5889	4
5890	2
5891	4
5892	0
5893	2
5894	4
5895	1
5896	1
5897	2
5898	1
5899	10
5900	1
5901	3
5902	4
5903	1
5904	3
5905	3
5906	2
5907	9
5908	3
5909	2
5910	3
5911	1
5912	2
5913	5
5914	3
5915	1
5916	1
5917	0
5918	2
5919	1
5920	2
5921	4
5922	2
5923	1
5924	1
5925	0
5926	2
5927	1
5928	1
5929	2
5930	0
5931	3
5932	1
5933	1
5934	7
5935	2
5936	3
5937	1
5938	1
5939	1
5940	1
5941	2
5942	2
5943	1
5944	0
5945	2
5946	3
5947	1
5948	1
5949	1
5950	1
5951	0
5952	2
5953	2
5954	6
5955	0
5956	1
5957	1
5958	0
5959	1
5960	1
5961	2
5962	2
5963	4
5964	0
5965	0
5966	0
5967	3
5968	0
5969	1
5970	2
5971	3
5972	0
5973	0
5974	0
5975	3
5976	0
5977	0
5978	0
5979	1
5980	0
5981	0
5982	0
5983	1
5984	0
5985	0
5986	1
5987	5
5988	0
5989	0
5990	0
5991	2
5992	0
5993	0
5994	0
5995	0
5996	0
5997	0
5998	0
5999	0
6000	0
6001	1
6002	0
6003	1
6004	0
6005	1
6006	1
6007	1
6008	0
6009	3
6010	1
6011	1
6012	0
6013	2
6014	5
6015	4
6016	0
6017	1
6018	0
6019	2
6020	2
6021	2
6022	1
6023	0
6024	0
6025	1
6026	0
6027	1
6028	0
6029	0
6030	1
6031	2
6032	1
6033	0
6034	0
6035	1
6036	0
6037	0
6038	0
6039	1
6040	0
6041	1
6042	0
6043	0
6044	1
6045	1
6046	0
6047	1
6048	0
6049	1
6050	0
6051	1
6052	0
6053	0
6054	0
6055	0
6056	0
6057	0
6058	0
6059	0
6060	0
6061	2
6062	0
6063	1
6064	0
6065	0
6066	1
6067	0
6068	1
6069	3
6070	0
6071	2
6072	0
6073	0
6074	0
6075	0
6076	1
6077	0
6078	0
6079	0
6080	0
6081	0
6082	0
6083	2
6084	1
6085	0
6086	0
6087	2
6088	0
6089	0
6090	0
6091	0
6092	0
6093	0
6094	0
6095	2
6096	0
6097	0
6098	2
6099	0
6100	0
6101	0
6102	2
6103	1
6104	0
6105	0
6106	1
6107	5
6108	0
6109	0
6110	0
6111	1
6112	0
6113	1
6114	0
6115	1
6116	1
6117	0
6118	1
6119	0
6120	0
6121	0
6122	1
6123	0
6124	0
6125	0
6126	1
6127	0
6128	0
6129	3
6130	6
6131	0
6132	0
6133	0
6134	1
6135	1
6136	0
6137	2
6138	1
6139	2
6140	0
6141	1
6142	0
6143	0
6144	0
6145	3
6146	0
6147	0
6148	0
6149	0
6150	1
6151	0
6152	0
6153	3
6154	0
6155	0
6156	2
6157	0
6158	0
6159	0
6160	0
6161	0
6162	1
6163	0
6164	2
6165	0
6166	0
6167	0
6168	0
6169	0
6170	0
6171	1
6172	0
6173	0
6174	1
6175	0
6176	0
6177	1
6178	0
6179	0
6180	1
6181	0
6182	0
6183	0
6184	0
6185	2
6186	0
6187	0
6188	0
6189	0
6190	2
6191	0
6192	0
6193	5
6194	0
6195	0
6196	0
6197	1
6198	0
6199	0
6200	0
6201	1
6202	1
6203	0
6204	0
6205	0
6206	1
6207	0
6208	0
6209	0
6210	0
6211	0
6212	0
6213	1
6214	2
6215	0
6216	0
6217	1
6218	0
6219	0
6220	0
6221	2
6222	2
6223	0
6224	0
6225	1
6226	0
6227	1
6228	0
6229	2
6230	1
6231	0
6232	0
6233	1
6234	0
6235	0
6236	0
6237	1
6238	1
6239	0
6240	0
6241	1
6242	0
6243	0
6244	1
6245	0
6246	3
6247	0
6248	0
6249	3
6250	0
6251	0
6252	0
6253	1
6254	2
6255	0
6256	0
6257	1
6258	0
6259	0
6260	1
6261	1
6262	0
6263	0
6264	0
6265	0
6266	0
6267	1
6268	0
6269	2
6270	0
6271	0
6272	0
6273	0
6274	1
6275	1
6276	2
6277	1
6278	0
6279	0
6280	0
6281	0
6282	1
6283	0
6284	0
6285	0
6286	2
6287	0
6288	0
6289	0
6290	0
6291	1
6292	0
6293	0
6294	0
6295	0
6296	0
6297	1
6298	0
6299	0
6300	0
6301	0
6302	1
6303	0
6304	0
6305	0
6306	0
6307	0
6308	0
6309	0
6310	0
6311	0
6312	0
6313	0
6314	0
6315	0
6316	0
6317	0
6318	0
6319	1
6320	0
6321	0
6322	0
6323	0
6324	0
6325	0
6326	0
6327	0
6328	0
6329	0
6330	1
6331	0
6332	1
6333	0
6334	0
6335	1
6336	0
6337	0
6338	0
6339	0
6340	0
6341	0
6342	0
6343	0
6344	0
6345	0
6346	0
6347	0
6348	0
6349	0
6350	0
6351	0
6352	0
6353	0
6354	0
6355	0
6356	0
6357	0
6358	0
6359	1
6360	0
6361	0
6362	0
6363	0
6364	0
6365	0
6366	0
6367	3
6368	1
6369	0
6370	1
6371	2
6372	0
6373	0
6374	0
6375	1
6376	1
6377	0
6378	0
6379	0
6380	0
6381	0
6382	0
6383	0
6384	0
6385	0
6386	0
6387	0
6388	0
6389	0
6390	0
6391	0
6392	0
6393	0
6394	0
6395	0
6396	0
6397	0
6398	0
6399	0
6400	0
6401	0
6402	0
6403	0
6404	0
6405	0
6406	1
6407	0
6408	0
6409	0
6410	0
6411	0
6412	1
6413	1
6414	0
6415	1
6416	0
6417	0
6418	1
6419	1
6420	5
6421	4
6422	1
6423	5
6424	4
6425	4
6426	1
6427	3
6428	7
6429	6
6430	1
6431	2
6432	5
6433	3
6434	1
6435	4
6436	4
6437	5
6438	5
6439	4
6440	5
6441	5
6442	5
6443	5
6444	5
6445	4
6446	4
6447	4
6448	4
6449	4
6450	4
6451	4
6452	4
6453	3
6454	3
6455	3
6456	3
6457	3
6458	3
6459	3
6460	3
6461	2
6462	2
6463	2
6464	2
6465	2
6466	2
6467	2
6468	2
6469	1
6470	1
6471	1
6472	1
6473	1
6474	1
6475	1
6476	1
